0.4071331227901541,1
0.21848473379334418,0
0.3871173774822395,1
0.32874496291369515,0
0.2617361130604133,1
0.4298247008620051,1
0.12324929971988796,0
0.34599814552924985,1
0.17553644698265233,0
0.43438866207381305,1
0.3520600117359589,0
0.4596123251128134,0
0.1654886282388105,0
0.4071018339740161,1
0.5212254675938863,1
0.3028763816313098,0
0.24074988692992352,0
0.45814925949726154,0
0.28985427770354816,0
0.4538122543579509,1
0.5141681929941547,0
0.41863832529643186,1
0.39122646914997605,1
0.36604117559559374,1
0.25351751828633423,0
0.2741797046909599,0
0.4124652697445243,1
0.25831647655009715,1
0.520873880717425,1
0.19730017907121813,0
0.34102774173944367,0
0.2707430730261371,1
0.2896359597121918,1
0.28735009122997673,0
0.3295843497900186,1
0.2778261066592853,1
0.12232415902140675,0
0.3640374526095389,1
0.4648491325368205,1
0.3127925472242976,1
0.34974045240026114,1
0.3084546700584587,0
0.505771622072469,1
0.22198024999302526,0
0.3016333458437054,1
0.46820717617037033,1
0.39987693700903615,0
0.28147718259637866,1
0.4565345100341122,1
0.5123079739186113,1
0.3082158059629411,1
0.25409376892193924,1
0.5914220118129137,1
0.2226492119262499,1
0.3541342166167343,0
0.35958510695676466,1
0.47155739411905684,1
0.27373454111832723,0
0.37850526722940214,1
0.4505465193715454,1
0.29388722840604364,0
0.15167510962685438,0
0.250821824714156,0
0.473124279475387,1
0.2605651681556681,0
0.3746475669271307,0
0.39291873093827734,1
0.3074655295775889,1
0.2707188190828178,1
0.3082549670088692,1
0.4019916525133107,0
0.4170714841276898,1
0.49133895113429926,1
0.38055010418376145,1
0.24166837576690706,1
0.4871235400628036,1
0.4027650845120879,1
0.4606208740787477,1
0.5403349923709514,1
0.535023521008329,1
0.4195322177550909,1
0.2267990106677862,0
0.40422085345099573,1
0.3058192129858276,0
0.14777683148335705,0
0.293499024284071,1
0.3169777311258437,1
0.491996041652168,1
0.4307433821818949,1
0.401950737850436,1
0.2840554228980829,0
0.20112406821992654,0
0.14088891031094772,0
0.42199579145015453,1
0.2690111238175918,0
0.3222415156015828,0
0.19489663641995286,1
0.26885532814265745,0
0.18550278136789342,0
0.5203404886024192,1
0.17815166963681328,1
0.2510402092717706,0
0.34548125127249557,1
0.4578339620018489,1
0.3750826802694588,1
0.34494325436596046,1
0.37554197151207086,0
0.4066447085816958,1
0.20849215234847046,1
0.5070755071085807,1
0.4155977203489072,1
0.29114570296165315,1
0.312448561993206,1
0.2668335718480767,0
0.16207718417756045,0
0.2598637343053444,1
0.24847499753116187,0
0.4947760736463149,1
0.18962541251461215,0
0.4800675931776871,1
0.48132613899313387,1
0.5114123227373824,1
0.5204111774469518,1
0.3570967642748364,0
0.258849204809158,1
0.4840576932783486,1
0.548624862911071,1
0.40548263725651595,1
0.45744420472683156,1
0.47229412051304603,1
0.3136059162318251,0
0.348735368048035,0
0.3392809992198643,1
0.4838680363771942,1
0.5576032645578614,1
0.39112207113890973,1
0.3455898357930964,0
0.4831068787584241,1
0.3845667516669197,1
0.5118712146463547,0
0.3108509925505907,1
0.38669847630045734,1
0.4658168257625933,1
0.22433066913342453,0
0.5014294937675663,1
0.21420164216247783,0
0.41155322703814184,1
0.5160627764527758,1
0.5355338166019682,1
0.4484937693535651,1
0.3536894770694429,0
0.4713356989993087,1
0.3744926390350349,1
0.48518973001259125,0
0.31761584923743785,1
0.4708534162734335,1
0.42973671370540706,1
0.49857207664472214,1
0.399209514189149,1
0.2728018642528889,1
0.33076566425165965,1
0.3605054052998683,0
0.561700303478244,1
0.3310515362180162,1
0.40495184111747,1
0.4677271949172634,1
0.15326299316224345,0
0.4428607850445608,1
0.4127571757186607,1
0.46091918598812537,1
0.4165273809763127,1
0.4242097967535175,1
0.3472799114024835,1
0.5100593023086496,1
0.4157435012669171,1
0.17568276696407423,0
0.2155141799535083,1
0.1981747066492829,0
0.456890051882605,1
0.389937230994945,1
0.4461133085632133,1
0.441776912797277,1
0.35656243316714786,1
0.3812875674701244,1
0.5034722067539491,1
0.18742117013790693,0
0.5162461822929048,1
0.4082610272990997,0
0.32035613622668974,1
0.15682302517809335,0
0.3150117339684982,1
0.5168687779638552,1
0.2505580697711734,0
0.5641121936302794,1
0.5466108250485169,1
0.21440828177635127,1
0.40843664692405907,1
0.5242403361337354,1
0.3961343278376022,1
0.29115815288957747,1
0.4228699608845724,1
0.5703179145588225,1
0.4061073879065781,1
0.52647183845959,1
0.5255850678985865,1
0.3644191132641238,1
0.519482055654486,1
0.28622957527630705,0
0.5474838077325487,1
0.12809612992429056,0
0.4947150267828873,1
0.18089265307354338,0
0.19299784324134367,1
0.447413357987184,1
0.5011548101506154,1
0.3604874345963347,1
0.38844995273304367,1
0.3815723449012426,1
0.36480991251426453,0
0.5641948644704758,1
0.2608186777887926,0
0.4101813545568507,1
0.2729259177490906,0
0.43075640126862125,1
0.4218969421792334,1
0.443311905100553,1
0.3276892668994538,1
0.41151018982512,1
0.24717482433218987,0
0.5352380327370134,0
0.3968861085661632,1
0.1619583999193825,1
0.21770156717623562,0
0.271876629123892,0
0.374714503332912,1
0.3684358311127571,1
0.40517245919689465,0
0.4883600580707721,1
0.5283878536125084,1
0.215981276226609,0
0.1928705507372585,1
0.448111504148715,1
0.577735727516836,1
0.29927103341304867,1
0.21554360925911525,0
0.30476780995062175,1
0.36223520881748983,1
0.2197281122640907,1
0.24707051483913386,0
0.36646705006662494,0
0.33720194910304313,1
0.43569690703259245,1
0.3419906111792282,0
0.21607028330573688,1
0.48489060669099776,1
0.4414140783635483,1
0.42260518304610395,1
0.30421225955593506,0
0.24491509987484184,0
0.21080569056106827,1
0.3636722643837997,1
0.4367263727147748,1
0.4135113671658897,1
0.4499212803974261,1
0.5243374525842459,1
0.3531353969606113,0
0.32972350838375125,1
0.20960680808313764,0
0.42145452337133615,1
0.40898420086524057,1
0.39959883147211006,1
0.3759371810481119,0
0.34701161393653196,1
0.16639618283263993,1
0.5260169444875982,1
0.3829568768449826,1
0.43045073935942385,1
0.38634983826396974,1
0.4339130135228913,1
0.27780464996451887,1
0.44513063677296366,1
0.22403267230527832,1
0.23566014196864005,1
0.38935559670339775,1
0.2531977063594138,0
0.533180490700727,1
0.5120026586003752,1
0.28345880998786954,0
0.49166863244322817,1
0.4339394384533834,0
0.46533050861819447,1
0.21505215992844604,1
0.40059647535900567,1
0.577845265981572,1
0.4120961405174981,1
0.40563739238032065,0
0.2524378168944921,0
0.5088839504286296,1
0.26532517845918685,1
0.4309789382282975,1
0.212297627565478,0
0.35646518402043537,1
0.3658948943464622,0
0.42249488007068164,1
0.3230839770802798,1
0.2945206297943423,1
0.3105801228291433,0
0.3987346638029704,1
0.3990175436620327,1
0.34187438803514625,1
0.38911372017233575,1
0.27769021229135443,1
0.4199340187437326,0
0.5723673219054523,1
0.4306177484050383,0
0.5139415056386375,1
0.2643495886409937,0
0.5756434849851214,1
0.2971814728042563,1
0.40838828225652446,1
0.32829153986444565,1
0.3251398151296601,0
0.3890523651234281,0
0.37915208365799696,1
0.3543986044047266,1
0.4487033425959634,1
0.4134348460172257,1
0.39655125306006406,1
0.25970726211223033,0
0.36779567576039923,1
0.3243331033736092,0
0.3969168258479869,1
0.2948748072032658,1
0.5010687901958498,1
0.2938193121707748,0
0.32202449125100596,1
0.37614766193258153,1
0.49318190834527476,1
0.49909496499065736,0
0.3764207763659388,1
0.3853801111512044,0
0.5048240261866788,1
0.33774588036755976,0
0.3637076960987316,1
0.4826999318826243,0
0.2641491218556639,0
0.29317000985406966,1
0.3536861972128197,1
0.24740346935178245,0
0.41351184409910074,0
0.5014185316910968,1
0.4802899384545949,1
0.30111912370182836,0
0.4995609817321543,1
0.5605474277629758,1
0.4111330742920512,1
0.40763945722312384,1
0.33074593928113205,1
0.3193543836067929,1
0.33703594100241313,1
0.32047226468759593,0
0.12643450559744246,0
0.4404462724374311,0
0.17513811975007984,0
0.2898031106449382,0
0.29852522832271344,0
0.19163180994477044,1
0.2016915523445113,1
0.37968449119324316,1
0.2704623935286275,0
0.44232798492581954,1
0.4967727631014227,1
0.27525351980746116,0
0.330364536941403,0
0.4305247835042827,0
0.24024805486329984,0
0.28763874527549393,1
0.32432969157580704,0
0.3753363908938716,1
0.42215979675597637,1
0.5229574529442682,1
0.4055168176966752,1
0.3291664535866402,0
0.4541222580677803,1
0.5492370242242074,1
0.5615708333633115,1
0.5731183118954583,1
0.3428118067092373,0
0.39129663276447496,1
0.30170093303590684,1
0.4081688240270742,1
0.4017195580739663,1
0.5767621515435428,1
0.3429652718123118,1
0.5635070173648795,1
0.31852578219235345,0
0.3280378982654818,1
0.13852255910417466,0
0.47975225855552295,1
0.3324011321994547,1
0.13123189809869182,0
0.5466318781789073,1
0.4822512560610821,0
0.234484671568141,1
0.3188413370242618,1
0.33874196598445894,1
0.3041368991762453,1
0.2094363890682269,0
0.22280748596828434,0
0.3750911008236989,1
0.3163656943191053,1
0.42695280924133455,1
0.2261388313973269,1
0.42384748986937804,1
0.18258476843992738,0
0.4877144237170078,0
0.37904070032660714,0
0.2537544185956607,0
0.40108531106775797,1
0.5357483817487617,1
0.37116733592361995,1
0.47423511872841256,1
0.2803845491589254,1
0.2618142850006193,0
0.20504327925348517,1
0.39182750588707876,0
0.2187735860649303,0
0.21546229579421383,1
0.24198652397184933,1
0.3840569565165708,1
0.3115790639580438,0
0.21937842778793423,1
0.4380092287660857,1
0.3150207056970526,1
0.351841730564436,1
0.466685386076159,1
0.3011782392791081,1
0.30170367813822524,0
0.28775246580218405,1
0.4328239283379933,1
0.4456060276594874,1
0.22481254636641557,0
0.28961174622000446,1
0.3714048798210584,1
0.3585906593036476,0
0.3347018087244279,1
0.498646195331729,1
0.45043732026508915,0
0.3725989056614306,1
0.34602477714973123,1
0.3553546939337439,1
0.45817428907768454,1
0.5000273071722953,1
0.3188238479925183,0
0.37841221576823375,0
0.5018800366391071,1
0.5756153566479829,1
0.4439626378721159,1
0.48523840270738827,1
0.238599237700419,0
0.3814897123384031,1
0.3618048761487356,0
0.4242757938200495,0
0.45211249164750006,1
0.4340965407768768,1
0.20874538781680552,0
0.3401220366917732,1
0.46827510785134363,1
0.33095191993963674,0
0.3257995786941821,1
0.2728184541809798,1
0.5937350895269548,1
0.4602444239785813,1
0.29449233348543785,1
0.2660440368376995,0
0.2854203039360518,1
0.23271280700848654,1
0.4878602223609221,1
0.28338257636824105,0
0.371229384162128,0
0.3110651723904902,1
0.4174334050051856,0
0.2320723832162196,0
0.5188997834449625,0
0.4423809442563568,1
0.26170294768466484,0
0.42542104462676833,1
0.5068406918579412,0
0.43059743377729365,1
0.36437540081073166,0
0.31124927136734615,0
0.3664050011107649,1
0.33816541343260254,1
0.4387350816469154,1
0.27256228661836857,1
0.48668502979867256,1
0.5303717635276142,1
0.40607778616048396,1
0.19798410031557057,0
0.25348827478085056,0
0.5406783590260009,1
0.38228379865778733,1
0.3439089804682431,0
0.18973632088536493,0
0.2341116408072475,0
0.39464014044412077,1
0.21657947924925033,0
0.9017430464965357,1
0.4797674600396028,1
0.4941045806043089,1
0.27497674281665074,1
0.4757762689179625,1
0.2678609887181065,1
0.20838962244243192,0
0.35553039576949147,1
0.2636919743703011,0
0.4684995768524814,1
0.503622006961179,1
0.4916357037458111,1
0.30216431601323956,1
0.5479178480518935,1
0.25832100361614446,0
0.5333459516180848,1
0.4646996646664007,0
0.4050517837565503,1
0.436167012005817,1
0.25171688955236377,0
0.47129540184231083,1
0.31911510145053357,1
0.4661612318390358,1
0.41748812882131614,1
0.25852448108774695,0
0.3787081752219777,1
0.3580303662848419,1
0.39267067588906646,0
0.4547147806680474,1
0.49802462342280507,0
0.2179847731289123,0
0.4311307087202443,1
0.48079336982971593,1
0.4391934119105111,1
0.22890431730343608,0
0.19847667787035597,1
0.283886362442209,1
0.3547984581517253,1
0.30089427528965385,1
0.3260899634265146,1
0.4316351418835903,0
0.2112865215991487,1
0.43473168597585254,1
0.1796712240002619,1
0.45038875213853874,1
0.5021254257090537,1
0.4132226055569209,1
0.5551965618251299,1
0.46969400345333057,1
0.28106284502235446,0
0.3524521268784791,1
0.4279327390674235,1
0.45874549891906086,0
0.43961815584055863,0
0.30107232705109294,0
0.2643938840356821,1
0.4648728324192413,1
0.2725665536486155,1
0.5183550629438616,1
0.35529536798634614,1
0.4663044584665284,1
0.23255599045887534,0
0.49282061656685056,1
0.16353882865243669,0
0.4149087939136229,1
0.5138939237983331,1
0.5412322391535508,1
0.282632653149127,0
0.3956269372006926,0
0.4446312496422438,1
0.5028401299906116,1
0.561380978358582,0
0.23761155233499584,1
0.41150526279373634,0
0.27994334624581707,0
0.17692485271721323,0
0.6320118422181599,1
0.2744121578588764,0
0.31149686971870033,0
0.3015598089757267,1
0.40936265377104275,1
0.17395448984733788,0
0.5457543899539367,1
0.5361400540291458,1
0.3800706020496523,1
0.3863931482868989,1
0.2757921764019963,1
0.2697860617003494,1
0.45565451912339405,1
0.45649686519487304,1
0.3000205455688099,1
0.339917940808445,1
0.2987710457508601,0
0.23751751658134007,1
0.533591270548885,1
0.6216139847988323,1
0.3067203266178468,0
0.4214545233713362,1
0.1298046386895386,0
0.3491928970806325,0
0.438291063508337,1
0.24741228370557364,1
0.2504892367906067,1
0.1882985429730307,1
0.3070791040520529,1
0.28307043677251414,1
0.27538977884808064,0
0.4570830960766302,0
0.5452073976648211,1
0.3487785555301428,1
0.6532831542101484,1
0.24992268777557214,1
0.4916933515979414,1
0.4008968897178229,0
0.2607900213959027,1
0.37910591368898217,1
0.2731906212606021,1
0.41640880368583744,1
0.2370785468390877,0
0.4010319005491605,1
0.2768082209887648,1
0.5322625719537376,1
0.3529225960468844,1
0.29853002748137086,1
0.5083220922646661,1
0.22673543894036782,0
0.24439893389421055,1
0.30600380296237917,1
0.3761024557704221,1
0.21406007291165974,0
0.5204119125238489,1
0.27256228661836857,0
0.21731285006277795,0
0.3645826190607138,1
0.2945199221271941,0
0.37067951845651853,1
0.49356345965902526,1
0.34010749606924806,1
0.6219501153432565,1
0.3305876320416356,1
0.3828772478855507,1
0.40925542328736836,0
0.24841987966397983,1
0.6019971073056315,1
0.41681316379924027,1
0.4920134266423345,1
0.22937318704553447,0
0.19688595961178218,0
0.23528371818634727,1
0.5826385644732569,1
0.42961861735709667,1
0.28004113322918917,0
0.2894967648620155,1
0.3940921579789402,0
0.3776832739669556,0
0.5213240766090713,1
0.25804119312250756,1
0.35148812717378525,1
0.48534378749562107,0
0.3185945204880701,0
0.33456195873471684,0
0.4339163604742468,1
0.47841390382474325,1
0.2742290824980143,0
0.19529409972063974,0
0.32940546184039865,0
0.5254760050424873,1
0.31380700953961965,1
0.5725089729972321,1
0.32874421248872965,1
0.46842508704799096,0
0.3714596542268715,1
0.3897436862257699,1
0.319191237100613,1
0.42033934100123727,1
0.3363807842813961,1
0.3775977483518113,1
0.3650532021022586,1
0.21969790452097993,1
0.30154428030154823,1
0.3486891336216418,1
0.22877459224003185,1
0.21481633401502848,0
0.46211277382058574,0
0.632578470529212,1
0.4246183875543746,1
0.4850761608540061,0
0.4289633013337006,0
1.0,1
0.41898410688456444,1
0.2638936418651508,0
0.23020224675774723,0
0.2696313026145048,1
0.5045839915471291,1
0.5067139684999581,1
0.49093135569935836,1
0.3480400718676855,1
0.2586761200850024,0
0.26800286870595064,1
0.4369434327797163,1
0.4935691783467748,0
0.482393902731004,0
0.3651898165905917,0
0.32902079067248197,0
0.5238638774595906,0
0.39705204985022924,1
0.2548334623546647,0
0.27969636050281754,0
0.3340331183000744,0
0.36395663507300724,1
0.5210052145678228,0
0.23562363762122762,0
0.25346386993941933,1
0.2722580099084871,0
0.5680917543424614,1
0.36391735367067685,1
0.2615486711797752,1
0.48836728102031574,0
0.3694990778523584,1
0.213921222054091,0
0.28828805988775097,0
0.2735870059097379,1
0.483295359547203,1
0.41274574414247767,1
0.3585584359128811,0
0.5850311432577061,1
0.3561247551231506,1
0.3016699987173524,1
0.25961773173622876,1
0.334995342810615,0
0.3767548011955884,1
0.14647057479047979,0
0.2503906326181495,1
0.35216947878094124,0
0.5081157626449209,1
0.28300994815900493,1
0.4880872996223826,1
0.49275159405468816,1
0.37236549771630295,0
0.42105583401047025,1
0.3712261279597595,0
0.41180331191247743,1
0.4443001952357733,1
0.34426642307915356,1
0.49911725445168154,1
0.1584310653473716,0
0.45874780567160245,1
0.4147930781023459,1
0.37934863803686614,0
0.46593713523043734,1
0.3289790147030376,1
0.23073546043567,1
0.5000522312055318,0
0.43597756314934594,1
0.2815365472624794,1
0.3896426312131681,1
0.42182805364436754,1
0.4276034191500614,1
0.29452282232543237,1
0.3194882779159366,0
0.31109186577137565,1
0.2567384845196642,1
0.37132010088983286,0
0.3018014500709444,0
0.43915042736708887,1
0.311263438911791,0
0.4608030576808884,1
0.25905331775323165,1
0.21221163172743857,0
0.3800257256376315,0
0.3727629919374883,0
0.22748923473540864,0
0.5366195540650195,0
0.3015679030418774,1
0.3415890776842077,1
0.48036261612185943,1
0.46416052988137013,1
0.4787147594145638,1
0.5676450177151183,1
0.31044683813442936,1
0.4537565218386481,1
0.34636193694146583,0
0.30336603934337003,1
0.5132565534446469,1
0.3494924867132592,1
0.3170819330818762,0
0.45596086938076674,1
0.5089908353845074,1
0.4833506138597597,1
0.3222933033847844,1
0.3039736480226349,1
0.3950450527493719,1
0.5136532641271904,1
0.4465888861972813,1
0.432094941983747,1
0.41585687502204094,1
0.49141930590728927,1
0.3414938461145025,1
0.31496608233754836,0
0.2552837202759927,0
0.3922677499990123,1
0.23382891834619784,0
0.3884090526005707,1
0.2954579665933038,1
0.3903584016278285,1
0.21755402495768544,0
0.4250771711631596,1
0.275711204630491,0
0.4084555887898212,1
0.3341516741212527,0
0.342840270356365,0
0.296710812297579,0
0.22595952171974024,0
0.4757918616179473,0
0.523577021568034,1
0.3062960830725057,1
0.32813753281992436,1
0.31555605176280255,0
0.43687927475875504,0
0.23443909792506773,0
0.5245065936979828,1
0.35102621242608967,0
0.22463097792744516,0
0.32779532769972425,1
0.4390083901114594,1
0.361643067170136,0
0.44186890365867915,1
0.5513869563833874,1
0.38413401719978685,0
0.21963488221639482,1
0.3462499977248338,0
0.1804615866086817,0
0.338575672251331,0
0.5700807700223284,1
0.5291897478691906,1
0.47741600897946657,1
0.3025728478013324,0
0.610791997927737,1
0.42702274334269186,1
0.39996532634557225,1
0.21684877468857147,0
0.4446694764306863,1
0.487300953136922,0
0.5783372475950276,1
0.43453988934461024,1
0.46042999860343004,1
0.41774873959545894,1
0.30047102325157615,1
0.3263240116496748,1
0.36200075538367815,0
0.4790422840052432,1
0.22608613690636872,0
0.3755253494865649,1
0.29362880486166604,1
0.49952879559841734,1
0.5093218305365581,1
0.4034136544882975,1
0.34968178279559475,1
0.4257649130182407,0
0.26889868911408493,1
0.5460978548010871,1
0.12336121224366116,0
0.36320480929882804,1
0.4250526117307898,1
0.26884728066312324,1
0.5400843602502784,1
0.41985372862127474,0
0.24168702321308888,0
0.5236468169692419,1
0.17767879385095137,1
0.5216276861442651,1
0.46933193146480806,1
0.43231709025954307,1
0.4170440000358551,1
0.41245918939443527,1
0.6026025298249551,1
0.5242314564530035,1
0.3094083929266622,0
0.33561836243635157,1
0.2701987982423421,1
0.22950309204304586,0
0.2586367036330697,0
0.369055384620225,1
0.30654470002305156,0
0.38909107466900095,0
0.3125203351594478,1
0.3812122074359913,0
0.20833161997263555,1
0.521849691939415,1
0.3949405834055972,1
0.4916460576058227,1
0.3522679583245939,1
0.2923125061119227,0
0.4087662576208594,1
0.29650248844683025,1
0.12456747404844291,0
0.5975151561490555,1
0.5421216208568677,1
0.260392132960853,1
0.44190972044320276,0
0.39027981776524623,1
0.5308546975934475,1
0.47230068737775494,0
0.38409843429116336,1
0.48664958524037466,1
0.1709014890956442,0
0.1877463322326605,0
0.394801938351763,1
0.4884968403396637,1
0.44938062777732873,1
0.21934627812322263,1
0.39930042699645013,1
0.31525036241012333,1
0.4608962931285233,1
0.2777832803760601,0
0.44385097355269265,1
0.18833084758830387,0
0.25910780254218035,0
0.44151462361781185,1
0.32705381800848743,0
0.44557008862930975,1
0.5054815960396173,1
0.35238703295378654,0
0.36828418427196496,1
0.22183783201028318,1
0.2263180410051904,0
0.4694042200865299,1
0.32841493519175297,0
0.26533714373726,0
0.224199580610218,0
0.4315229994897914,1
0.29874055570487945,1
0.13766730401529634,0
0.6361913281833216,1
0.19300932279205013,0
0.3225002498138261,0
0.29998305465893754,0
0.36712681393130453,0
0.36718645402556,1
0.3532649600572111,0
0.2876477624754053,0
0.2419447954662164,1
0.2639385388342958,1
0.32507838927943544,1
0.21569243938749602,0
0.5223380295437675,1
0.35562067176970474,0
0.22929121593633087,0
0.25946015739454353,0
0.37042542781139065,1
0.40577079409799893,0
0.5661176231017767,1
0.3155541857750286,1
0.21517732223294622,0
0.49446432688535313,1
0.43905592451766345,0
0.19606810891493584,1
0.42794780274842004,1
0.24833419375768867,1
0.3731183610631801,1
0.23433276046313772,0
0.5354809401442484,1
0.3098206625144752,1
0.4936453845852548,1
0.23864377970043016,1
0.42283257645218686,0
0.3817464485609616,1
0.41468405035508926,1
0.31496482654377206,1
0.32637412892318757,1
0.24555881660882115,0
0.5427131134362546,1
0.3639130427184334,1
0.48679650080448206,1
0.3347575280950857,0
0.22535501008837164,0
0.3038562788538041,1
0.4017415191040661,1
0.4951833795031265,1
0.47573235123605356,1
0.2878879852173688,0
0.43478244452795456,1
0.3501474954717215,0
0.2048960384926971,1
0.24533736200741177,1
0.4609234269946028,1
0.341551785660684,0
0.5574755795875703,1
0.3996434607707931,0
0.37645984054287174,1
0.5760608049241104,0
0.33033177107086104,1
0.22287179178566988,0
0.36062159574140135,1
0.14464534075104313,0
0.4298257666572774,1
0.4986256433283077,1
0.18936359247664045,0
0.5585391771701793,0
0.2171615350670062,1
0.37293430303081676,0
0.3799871456661793,1
0.3930198404632714,0
0.3633484855916552,0
0.2905111488149637,1
0.4813289231343446,1
0.42459961633941695,1
0.494511659653495,1
0.3876684467625628,1
0.3663413638557854,1
0.443575581252507,1
0.30653807942462175,0
0.42636631585488904,1
0.5014494077882703,1
0.5569222524090977,1
0.4055889963112961,1
0.4147789038525659,1
0.44342648536745666,1
0.24399486738984824,0
0.494933614908836,1
0.4811600450600291,0
0.47284957303620545,1
0.285579077167116,1
0.2885475499488693,1
0.3560602422174848,0
0.3877821226958614,0
0.3325549707729056,1
0.3827884346008959,1
0.4257203558483261,1
0.36414903899860523,1
0.32589040409836423,1
0.40097246523255603,1
0.217358539151301,0
0.23950765449057698,1
0.14144651813539738,0
0.5357641157308118,0
0.4410423849822616,0
0.24134888186391185,1
0.2952202385887108,1
0.583143482899435,1
0.23438934546105752,0
0.2793793407726943,1
0.5072418884157028,1
0.345020662645077,0
0.498939411178392,1
0.31996638323865634,1
0.48349442617200017,1
0.2755098425147496,1
0.313516279452528,1
0.30962859730014114,0
0.2520962878709748,1
0.20557975044718738,0
0.22821624082201603,0
0.5018056790642407,1
0.514880889964434,1
0.24579070481937196,0
0.3317922921655611,0
0.5261463718580439,0
0.33726165717855977,1
0.2304799334245238,0
0.38959358939140715,1
0.28811883967414365,0
0.29646300057961317,1
0.48405893486956597,1
0.3872044211638128,1
0.2913218815995116,0
0.34354150158350044,1
0.30902148240347416,1
0.38044840667780566,1
0.48096357599436823,1
0.3804610636553103,1
0.48362559779316827,1
0.22678034003793945,1
0.6104341922978753,1
0.4653274063958338,1
0.47373324745086137,1
0.3025435130957482,0
0.3183281774419152,1
0.35451594100039674,1
0.277582455127097,1
0.37713651172408186,1
0.17624494722026254,0
0.6135085940715717,1
0.49833987707101923,1
0.2854189470158166,0
0.24427684392522042,0
0.5282790373528589,1
0.35411756805676126,0
0.26515328782993314,0
0.23950010909197378,0
0.5621267808349641,1
0.48928857556227723,0
0.19555833096511255,0
0.37518124646676426,0
0.506510894368232,1
0.33174216198981027,1
0.4310396655567247,0
0.28422812330481806,1
0.19448904486931942,0
0.20570956668870324,0
0.5888171507114426,1
0.3292315033551095,1
0.5476355612233337,1
0.25240313174744305,1
0.19388419309411284,0
0.23871349402875913,0
0.2142666304313461,0
0.5375733413492824,1
0.5928216492677701,1
0.396263034257671,1
0.39101564167472846,1
0.26890527601023034,1
0.23208760790014046,0
0.21301605096431078,1
0.4719204351976491,1
0.43837945348028723,0
0.47548445647581655,1
0.3353792358646483,1
0.32360472833437576,0
0.2897698203182296,1
0.4492564614186451,1
0.319218264811531,1
0.32103438755376323,1
0.5343243746709017,1
0.43875881371572406,1
0.5002473423233268,1
0.5165342767141279,1
0.2932322586336856,1
0.34766489360472197,0
0.40216603821383834,0
0.5097453269971284,1
0.3906306064887435,0
0.4143278382988509,1
0.5758650808146439,1
0.525569581394362,1
0.2619964742116412,1
0.35414119597245847,0
0.45383589956125897,1
0.3874394170957213,0
0.1988810488717489,0
0.36134079665715096,1
0.2921098589883587,1
0.39300263737262264,1
0.2940988584594631,1
0.4041844730955806,0
0.46256922804667816,0
0.5115952860725617,1
0.35463631844238236,0
0.22233204780669683,0
0.3618372204777807,0
0.5101015498510062,1
0.5817235654594638,1
0.35682403669893653,1
0.23058214999571258,1
0.5434597263182271,1
0.46636100156765947,1
0.578641050567432,1
0.3048937195115894,0
0.413646836946541,1
0.5398891675803823,1
0.4548552479697164,0
0.49234549412367934,1
0.23203631854761494,1
0.21845041592884523,1
0.26655364893896666,0
0.5323380387055822,1
0.47113895182452215,1
0.3349297046003765,1
0.417884609598131,0
0.29513962526072623,1
0.3321457248589714,1
0.2908186826916696,1
0.4408058802987169,1
0.24822387649674788,1
0.4664066078648489,1
0.2902089053918415,1
0.3765173222674683,1
0.23614001763109893,1
0.2328800148334679,0
0.42835844947195156,1
0.49692883091408674,1
0.3259107641595519,1
0.3389864414206217,1
0.27774044189790265,0
0.2812708176590583,0
0.2276537808084939,0
0.45704997186834606,1
0.38930835588650875,1
0.3477431766326259,0
0.31067945497387023,1
0.26126356621044,0
0.28505071215706923,0
0.4615876232524753,1
0.43692126700179296,1
0.4176169455729018,1
0.3717055913547019,0
0.25195762392386406,0
0.30538143191249223,1
0.2879161784179716,1
0.36688010724330755,1
0.26950740492660247,0
0.14716331583379014,0
0.43610554597301976,0
0.4661907895892149,1
0.43131141335087664,1
0.2827475739614147,0
0.28589221846700114,1
0.3084556468963352,1
0.18727753486957185,1
0.32189972826145546,0
0.4298458852350347,1
0.5425119977200181,1
0.2725265037012629,0
0.2208877049814222,0
0.6041476267681318,1
0.46449594065200617,1
0.24451872094027952,1
0.34501936453761295,1
0.39096792129110397,0
0.4001029407132468,1
0.22249167507879355,0
0.46402870535648266,1
0.4591807662135487,1
0.4407648082390571,1
0.24344052815503103,0
0.2652671899276433,1
0.17701119813539018,1
0.4960844471879043,1
0.48230866806991685,1
0.5139540564171687,1
0.357304339783945,1
0.2725016489227642,1
0.495430952576617,1
0.2955944306752343,0
0.4308284003423032,0
0.3084134114687485,1
0.2939755086607664,1
0.23822343047935438,0
0.31121172564341476,0
0.47354013953543606,0
0.3011374877196744,1
0.29085479045244017,0
0.2632265092112786,0
0.35299051771167805,0
0.2343414216137203,1
0.4455558134837996,1
0.3826990396237974,1
0.4755601803958755,0
0.4685412525442016,1
0.2787078181730082,0
0.4606829762531404,1
0.42103255519772503,1
0.31095516135179146,1
0.5026425690288919,1
0.4942768124799128,1
0.46092509838383056,0
0.43207890792084586,1
0.41280862627376513,0
0.2913993550036352,1
0.33082556630103954,1
0.36819950124191336,0
0.3075517953159064,0
0.432655971881153,1
0.35437625621439917,1
0.35581305495240784,1
0.4205283008073629,1
0.41326573222973634,1
0.44722380256240296,1
0.3443601812180122,1
0.2615616605765196,0
0.5393612558315275,1
0.1677550239197706,1
0.398602892038043,1
0.2598959656663238,0
0.38887307437800833,0
0.4030287279154993,0
0.3989766739560762,1
0.46097676146994127,1
0.49223775947889437,1
0.5298397686730976,0
0.2360987221530905,0
0.3767446080693241,1
0.4316099171372273,1
0.18987587860612068,1
0.27151079314052784,1
0.25793937156427466,1
0.2842053300109509,0
0.44002122900661156,1
0.3072924486083216,0
0.5340631603655951,1
0.341887829264483,1
0.42645786580517975,0
0.23390767965574782,0
0.3348314030556831,1
0.45423624970730087,1
0.3771525712445091,1
0.3676894929326026,1
0.23982366129561522,1
0.3234727734196024,0
0.23230364149525043,1
0.5304698421681033,0
0.32423438854289705,0
0.46678577238193686,1
0.4850670011433591,1
0.5749833403109872,1
0.33975235989366637,1
0.28209799343883624,1
0.4721926057803477,1
0.4171909006841553,1
0.44425421870594173,1
0.42735805028475027,1
0.36810451215150974,0
0.33098370281861933,1
0.3503491576090815,0
0.3762563430205173,1
0.4056916702355915,1
0.3016856065964263,1
0.36017366201400136,0
0.40664689293067535,1
0.3956731770597555,1
0.4351338946604002,0
0.22068357375584466,0
0.3165613493582477,1
0.2692189849256276,1
0.5114384164858141,1
0.25790446441329523,1
0.5019256764129657,1
0.2430248915612099,1
0.3146166054084637,1
0.27336491522123485,0
0.41386896906249404,1
0.45577993657908755,1
0.3292618007408387,0
0.3561819146689478,0
0.2911510320897984,1
0.4718815455378752,1
0.3898733487889371,1
0.349759333993364,0
0.38999269364925193,1
0.40350992923773654,1
0.25080119791936045,1
0.5154857445217826,1
0.5352860072976647,1
0.3590064611134526,1
0.42765714023299134,1
0.5427235548217071,1
0.42460365778355513,0
0.3783726276438699,1
0.2991390203477699,0
0.42848124967972334,1
0.5748541245640142,1
0.30813281213547233,0
0.4623111707049577,1
0.302322570900206,1
0.42637215629792136,1
0.4684390802178368,1
0.38944374367455475,0
0.3328658664495224,0
0.44124778999221764,0
0.4747183609824355,1
0.5534899294401827,1
0.27023682607846555,0
0.3302261984005295,0
0.41083920828311543,1
0.15092248405128766,0
0.5125492220680798,1
0.41599503476799754,1
0.2080761576713311,0
0.31922701721234886,0
0.3709908471079661,1
0.4078372500077199,1
0.4472570617894928,1
0.37744276651073516,1
0.4617607591255123,1
0.42086127713439125,1
0.3607226819957762,0
0.3993116038620308,0
0.27799058327124243,0
0.12142294535292322,0
0.4347579704016673,1
0.23832668753402061,0
0.4356855696434344,0
0.39804807381968416,1
0.19768584393909544,1
0.16208393632416787,0
0.6075220330039935,1
0.4958389802024093,1
0.36344435447788,1
0.3639765106689813,1
0.30302092819667864,1
0.29168855605872235,0
0.610456939377596,1
0.4391081599016183,1
0.3133239360740057,1
0.23726968938685075,0
0.3308534455565891,1
0.2879153510237407,0
0.3815864901740046,0
0.6036346117388872,1
0.48820605704897235,1
0.4449028461238014,1
0.3647059796550462,1
0.4876702521137552,1
0.541531777198722,1
0.5344191012143329,1
0.3018687975471299,1
0.2284025170053067,0
0.49979439087069066,1
0.3079337007587296,0
0.23020224675774723,0
0.22705299595796982,1
0.30521177383577697,1
0.23592957488888,0
0.48235339462525495,1
0.4460952015457325,1
0.3977379015016214,1
0.2756742447772598,1
0.21889935411825068,0
0.25880973991849354,1
0.3543368426297419,1
0.3402477021014295,1
0.4240865400104289,1
0.23965389121828648,0
0.524273914325309,1
0.19781905230019392,1
0.22634549018902222,1
0.9826807984218797,1
0.32517227077631117,1
0.4437238096928679,0
0.43089946384726324,1
0.3363732535545753,0
0.2642471438950867,0
0.2777321087427415,0
0.2548057295496273,0
0.36167550762502254,1
0.32241919725004975,0
0.2184172359065019,0
0.35634809898667,1
0.43902660107682123,1
0.29908113889682886,1
0.25764393661115015,0
0.25349256432231715,1
0.3053054630994677,1
0.2783810182590573,1
0.478318880040155,1
0.4100204291458642,0
0.2712886310734229,0
0.2519508077833066,0
0.334882308706,1
0.5034997863631445,0
0.2796722867845223,1
0.5284800493123998,1
0.3795976065842357,0
0.2598798897807502,1
0.16683535592120127,0
0.41566054075213577,0
0.22433066913342453,0
0.32520952956107113,0
0.37833124997346806,1
0.20122486955288485,0
0.34681137507261606,0
0.4847805144946701,0
0.48201991606354083,1
0.2165799713886032,0
0.30397800376750184,1
0.2867276594737982,0
0.2777338054445479,0
0.3338364279400079,1
0.21923556930111543,1
0.35836881103854074,1
0.2960534540620753,1
0.40084031353889965,1
0.14117647058823532,1
0.3025996085459041,1
0.19155175857511592,1
0.41945002311298496,1
0.36412563728031444,0
0.37760447590697666,1
0.3222415156015828,1
0.5626977624451371,1
0.47821913616050093,1
0.3188238479925183,0
0.28610110213591944,1
0.30944332654280715,0
0.5015379743711734,1
0.2607833795871231,0
0.4082249400637108,1
0.41812455266166604,1
0.5321910501578817,1
0.36230629892566835,1
0.37659660924861504,1
0.21768087848863515,1
0.3136836940824865,1
0.39418330098805493,1
0.5321292586921111,1
0.6399583474493606,1
0.37174508743601836,1
0.39147085613116667,1
0.5298985050088738,1
0.4349056987911188,1
0.3765063302704651,1
0.4499587932034738,1
0.3577379552349138,0
0.4385764454232299,0
0.3114725080810328,1
0.32243747004772716,1
0.42171209680044014,1
0.49736688727614375,1
0.29553134572811285,0
0.30140190571403913,1
0.23434349785135541,1
0.4742565590445661,1
0.35679620861318223,1
0.512505798603024,1
0.2924275679681725,0
0.4679597258681936,1
0.38537981625452744,0
0.31601882538500303,1
0.5476710781934147,1
0.3259552797980025,0
0.44494125791372685,1
0.35057512533596324,0
0.43734077984513325,0
0.10487860182071042,1
0.19437300093670515,0
0.2450502818179055,1
0.5483079364126557,1
0.22652214747946817,0
0.34234127449025525,0
0.39601124691389866,1
0.3316364931149329,0
0.2886607043807859,0
0.5257839815445006,1
0.3677519027642261,1
0.27454360277049356,0
0.3002978663610061,0
0.47766751941670405,1
0.41592886050506506,1
0.3737864717081859,1
0.37652233887330844,1
0.42243178728019426,0
0.35235827563633443,0
0.20642736776326345,0
0.21697537190166652,0
0.3002448499428344,1
0.41370192035352965,1
0.284664132268997,0
0.26800957296013955,0
0.511447726364556,1
0.4172574356342413,0
0.5753702285636754,1
0.43043059018501567,0
0.34066488692584024,0
0.3866463195327203,0
0.3945642455641784,1
0.2439155968393989,1
0.41759101459082093,1
0.4512202213665687,1
0.35752715305912336,0
0.5028976262096266,1
0.3568583681146877,1
0.47684049880116897,1
0.16110551122111694,0
0.3214685448845336,0
0.44034405970582174,1
0.29446443281220164,0
0.2851462035840496,0
0.317448006675793,0
0.4996884582331093,1
0.22681775854292535,0
0.3804405992862337,1
0.4887836246341868,0
0.3604596676079415,1
0.33185773192233275,1
0.38030135428910644,0
0.3368493051736102,1
0.22342324804133096,0
0.3992459415075885,1
0.4052676091338871,1
0.6232839159036744,1
0.19309502900755515,1
0.25389816279098265,0
0.2373191854441776,1
0.2624171495237853,1
0.49763109654320253,1
0.6386682599783976,1
0.4142726583552903,1
0.27825120261921577,1
0.41454417488944134,1
0.5114555189972351,1
0.43820411369005613,1
0.5403797228856715,1
0.3696426405699752,1
0.21934554315268176,0
0.23729089789429472,0
0.4794603419862082,1
0.4838758752625661,1
0.34289707141225784,1
0.20562845472153185,0
0.37905762080767746,1
0.2927794663652461,0
0.17575230665736025,0
0.23830129914840054,0
0.32757011867736613,1
0.38232851489944514,0
0.3307893618467631,1
0.5245436797577225,1
0.3225181804128867,0
0.2691318474508225,1
0.3950651340034271,1
0.2868678357192629,0
0.33322825474962525,1
0.42214694591794844,1
0.3805314421606256,1
0.5139540564171687,1
0.37614708110380624,1
0.2437507605521868,0
0.29955810379761966,1
0.27108687426105793,0
0.46176735483720976,1
0.4694190420452828,1
0.24818625172831302,1
0.26734008165905737,0
0.5088011209440939,1
0.24382050884870302,0
0.5045341915024518,1
0.5682743359165764,1
0.5000814156065871,1
0.35385115470653855,1
0.25995975593755777,0
0.41083118702162236,1
0.26871312485737214,1
0.34092388597183215,0
0.3127170836633968,0
0.175385382547637,0
0.545229819351986,1
0.39805089951172984,1
0.38363250796203013,0
0.27270766687369663,1
0.4401493164028156,1
0.4712207682209563,1
0.39533347392932117,0
0.5011740908948698,1
0.36575658919021353,1
0.5160370736937162,1
0.1629342972535665,0
0.38385984911427085,1
0.46942221077516416,1
0.21901124984948273,0
0.48560359703248246,0
0.38776457015232974,1
0.41858178125123185,0
0.25378971128253086,1
0.3794450256443615,0
0.38430902613534557,0
0.26558231554782474,1
0.314875848741676,0
0.41802376337442465,0
0.35480211010171814,0
0.21178335731512846,0
0.5483005435824436,1
0.35574350580347447,0
0.4202403687898961,1
0.47926347752576465,1
0.4145633427467761,1
0.1473315685607107,0
0.2574478113883766,0
0.386326836064892,1
0.390449185423581,1
0.3453868097961285,1
0.47738348794252494,1
0.4076949933266327,1
0.324296301150235,1
0.26537203445684754,0
0.5043347708733994,1
0.5190698884990923,1
0.3277097974896539,1
0.3796194879129671,1
0.32450564072268107,0
0.3317349050175528,1
0.4870091982715474,1
0.42684524017082137,0
0.44318952252010047,1
0.352619296022146,0
0.3295456566218854,0
0.36277039121029275,0
0.5096318019274779,1
0.3505209021626113,1
0.3597391474599794,0
0.28481609556756915,1
0.41819506296214976,1
0.47317624736367836,1
0.27628049926721365,1
0.5056186618758232,1
0.405509519073177,1
0.5666336094608122,1
0.4350067877329724,1
0.34122272249280294,1
0.3508352769711578,1
0.2821320632448071,0
0.5176928907399831,1
0.35920014021065766,1
0.3306498099570406,1
0.3343093154735819,0
0.5734318413710464,1
0.46421328642886106,1
0.3276915518478029,1
0.4707843023289496,1
0.5277570224938145,1
0.2556522087781445,0
0.49274749933737966,1
0.2742975152226983,0
0.2793310189165821,1
0.33750461674941123,1
0.3466445544996545,1
0.4354903517698368,1
0.44815137952640166,1
0.35286779440153554,1
0.26440088909000536,0
0.5126676279570231,1
0.5226960188720728,1
0.26314139683563564,1
0.28894309399500007,1
0.2773374882619477,1
0.5190266559017108,0
0.3129962963778734,0
0.5319950925568335,1
0.24857965887949054,0
0.25848464157830664,1
0.24441442419444806,0
0.37650583494333895,0
0.4518453210135423,0
0.4669321334222561,1
0.39107318236264266,1
0.24107254502892284,1
0.24008804389840646,0
0.4298382287657443,0
0.2932766342489473,1
0.3363018799176012,1
0.4921058458641366,1
0.5534711650062935,1
0.19926753391318194,0
0.26078330564674274,1
0.46730697659502507,1
0.19518056346967091,1
0.36799306163290035,1
0.23241278906826884,0
0.2707252697082368,1
0.5341188492559409,1
0.4274214242185716,1
0.5643192992264324,1
0.4369104774963807,1
0.4969313799831093,1
0.3405805168458677,1
0.2977631398720374,0
0.1961343481409206,0
0.4696872432373568,1
0.46681411079876245,1
0.319703359871685,1
0.48884416589857627,1
0.4525852546125502,1
0.39015550487563605,1
0.44564529589295615,1
0.24350524819726774,0
0.12356377101032917,0
0.40030339059342684,0
0.2946906245242881,1
0.532832738079009,1
0.28086897606400074,1
0.5156602232982908,1
0.34137826609819427,0
0.3039977060873775,1
0.4538198135347469,1
0.5491439042905272,1
0.42228684294569907,1
0.41055151330412254,1
0.39875954067354247,1
0.4771537321505214,1
0.46747193806103077,1
0.43777846617797245,1
0.4677996863977266,0
0.22823806376493366,0
0.3401797703587009,1
0.3867909648388885,1
0.28217586762772306,1
0.3043133177941328,0
0.46661793202025514,1
0.35596434510833735,0
0.30114533383030134,0
0.5036820179590166,1
0.41932966442629555,1
0.25508167187676417,0
0.2750140178589722,0
0.4247451592206045,1
0.3766242458544156,1
0.21500627155073104,0
0.4295885128090778,1
0.4009791468467933,0
0.1717898781501922,0
0.2767799826220138,0
0.37607683591354774,1
0.44204944783698624,1
0.12169859335599456,0
0.39232627801138475,1
0.2898641272550545,1
0.2937669738793283,0
0.4245028172303482,1
0.46530872394873807,1
0.27523827575467835,1
0.44865457241612056,1
0.31406522795411085,1
0.5010001916755589,1
0.3818167658949534,1
0.24611025358388605,1
0.34759429370222145,0
0.3441861964821466,0
0.4528955057257801,1
0.27071886330088984,0
0.2407083829781823,0
0.31801452700270527,1
0.2701969805378811,0
0.35095421533376525,1
0.20941759777660562,1
0.2458244786320178,1
0.3893129527172069,0
0.2927940252207587,1
0.30557626539721783,1
0.42845426444591395,1
0.29878925361067277,0
0.4180850686235473,1
0.35608058151568556,1
0.40414205129460634,0
0.26634352519013155,1
0.4598090121924517,0
0.4035467639504022,0
0.29868202207163314,1
0.2852402292217649,1
0.28467003276610653,0
0.2899407028112979,0
0.33572210007527675,0
0.2818900587999378,1
0.5934334519597114,1
0.37872595085150235,1
0.5762814426119424,1
0.39195234396520395,1
0.1553095228854948,0
0.18090452261306533,0
0.2888046963523529,0
0.24184289927228414,1
0.18288160985891477,0
0.39965051543399377,1
0.3471055248158336,0
0.5164932373881711,1
0.22790788989989352,0
0.40881542503088497,0
0.4556346906436411,1
0.39016454706593623,1
0.3086446427729115,1
0.26044527596641814,0
0.5584617666767593,1
0.4988397210061485,1
0.2855785372632981,1
0.5183721396577803,1
0.563953926809444,1
0.3295030843903428,1
0.544747311937582,1
0.33213597914641657,1
0.4756906711723997,1
0.4695236806198522,1
0.36914713153617873,1
0.40249284383571,1
0.2976139573123871,1
0.25111831898535625,1
0.25335852969837097,1
0.23739296126018092,1
0.1934499890127309,0
0.28639908746700593,1
0.16995362890090995,0
0.4924488173437521,1
0.41325937973921945,0
0.4887374864709693,1
0.3637114382260629,1
0.23348205226607122,0
0.3985395609059191,1
0.426456993851677,1
0.24926053579582005,0
0.5735295540942377,0
0.5445947303140554,1
0.28022080126872984,1
0.25467547548107655,0
0.40736884988669325,1
0.525795348526673,1
0.3586293811677758,0
0.42719148324434236,1
0.14264548309394606,0
0.2943929856228683,0
0.4228882518443188,1
0.3115236926232558,0
0.2974759116665847,0
0.2873613694362698,0
0.2837705583065793,1
0.33998012850343384,1
0.29321111829230884,0
0.5756490486050168,1
0.2982498733529074,0
0.22005845336448474,1
0.3353850818454627,1
0.5229948311435872,1
0.4176093776008934,1
0.3389851558562219,1
0.30623011720692267,0
0.5789722770552793,1
0.3793718830227916,1
0.41027497913264,1
0.43089795101614137,1
0.28836773408635324,0
0.43610171694342836,1
0.340526984426485,0
0.2135921252945358,0
0.2458593848644323,0
0.4152401174425374,1
0.3610632704007453,0
0.33586721141070947,1
0.3163471751825904,1
0.4575073193542518,1
0.28306350342063735,1
0.3273821450171757,0
0.3655803547406735,1
0.49725536499029543,1
0.5982160344156168,1
0.32521391191551524,1
0.4253041393567144,1
0.25656971869731066,0
0.2516982105981032,1
0.36766786291355597,1
0.4357372368826891,1
0.3884488192675908,0
0.5507651246607754,1
0.45270096931312226,0
0.459722464996783,1
0.3447010664774565,1
0.33350766363723583,0
0.18330307709517613,1
0.28201898864786745,1
0.37534068372417073,0
0.3496535032037356,1
0.29357131899066996,1
0.2363753782843087,1
0.29066887592855745,0
0.24798205570506734,0
0.2560703342800095,1
0.2692475343366622,0
0.23863522551907662,0
0.36653086578138383,1
0.28921721924418325,1
0.3617694074802772,0
0.2531867462470804,0
0.44707773993287586,1
0.22577631929195846,0
0.25733045765512486,0
0.43823198842545386,1
0.44245899725258253,1
0.5730292301193821,1
0.5506383718998977,0
0.22980676938927985,1
0.3141207689176239,0
0.12369587074896454,0
0.4583916496901814,1
0.35597242317600514,1
0.2644996420961224,0
0.30872725014010266,1
0.3643809695886614,1
0.4956781803765069,1
0.2957461910849405,1
0.3618633070771858,1
0.4597407196860558,0
0.43731501544147494,1
0.2911365231330297,1
0.5643539094072302,1
0.6173167680689917,1
0.6166464001633081,1
0.4294279674694168,1
0.2644429419948542,1
0.5187423383932547,1
0.5165742246740243,1
0.35456212075650234,1
0.35529956870262513,1
0.4455696754269985,1
0.3352067803665442,1
0.472484263920145,1
0.5266123183055457,0
0.18166040626599747,0
0.2644537921230868,1
0.41147617370221634,1
0.4397858008997468,1
0.35912150753764804,0
0.337956087495331,0
0.2587156596866296,0
0.41191509896065354,1
0.5303308081790792,1
0.5165505947896326,0
0.47024365853954225,1
0.3122023934786441,1
0.5539704996963931,1
0.44983070452229046,1
0.32797199832829493,1
0.20086561066320371,0
0.4054144556595713,1
0.2772323518745164,0
0.5204895380381337,1
0.24010136482973096,0
0.2837921258383387,1
0.444248723766423,0
0.38181311230613896,1
0.2932109446955177,0
0.5906803673154201,1
0.27350957303260925,0
0.30116720866427843,0
0.3002075082600654,0
0.2533008776328424,1
0.5004601706782987,1
0.38716833022960057,1
0.22790372295813738,0
0.3113694038060214,1
0.4058350188509574,1
0.2587423760620742,0
0.37913478571766746,1
0.26142967647235044,1
0.36731601875880815,0
0.4387325116331342,1
0.24770408515953943,0
0.15272173581754797,0
0.3612665573807716,1
0.2086906290388801,0
0.35320762612086415,1
0.3129397778942841,1
0.43994517358463375,1
0.19559136947333758,0
0.2394334145475316,1
0.494107904902592,1
0.3176407960088092,1
0.27220833196422184,1
0.24447640858980346,0
0.3508514732528175,1
0.29941950700538617,1
0.3313124233196236,1
0.2503418032523321,1
0.6138079487679812,1
0.5543059381458285,1
0.3169315194316719,1
0.45540006513099757,1
0.23621027242862253,1
0.44771848442729095,1
0.26619361970284394,1
0.31093827659749323,0
0.3353354495390016,1
0.6199176614365592,1
0.4819568765199932,1
0.280232868386431,0
0.22380693982627858,0
0.39490440939176885,1
0.5321393297905176,1
0.436854727857978,0
0.36923217209715964,1
0.49839137566928887,1
0.36427880330458046,1
0.2935535758878948,0
0.36482467773175004,1
0.25848464157830664,1
0.35161721619155056,0
0.3742355906022448,0
0.45040732422818475,1
0.2415829029388009,0
0.6210871627453465,1
0.3257253463171755,0
0.35388189937257714,0
0.5268636479269946,1
0.26526396360056786,1
0.3874554480848782,1
0.3040500186424184,1
0.4795863013902712,1
0.41454416078759515,0
0.5134333688987442,0
0.41439121841877974,1
0.5873626088244723,1
0.18706308930540363,0
0.49157920512775055,1
0.24396432821326908,0
0.3110160779945637,1
0.3776124611702745,1
0.2297596732487341,1
0.2518323091400297,0
0.3748974263215113,1
0.32926919905185226,1
0.29738189075319876,1
0.24359045542559885,0
0.2573563439621197,1
0.23011089242834976,0
0.5465040526567095,1
0.33489432301399924,0
0.34090560108182505,1
0.3054806156613867,1
0.34067623545751524,0
0.15777743412979447,0
0.3068068152985147,0
0.2706072279681217,1
0.13816554219926705,0
0.5387527102023335,1
0.3102573365830542,1
0.48830630068037084,1
0.24391642316033646,0
0.3871598409011654,1
0.3502952998976835,0
0.20170916378168469,0
0.4209135655689023,1
0.40925071478535346,1
0.21588818074719207,0
0.5219190320086216,1
0.4944252789246105,1
0.3216239763555729,1
0.23843832606416174,1
0.23972397829007758,1
0.4785753468980815,1
0.46881855837207026,1
0.4424758334811973,1
0.41246301860853674,1
0.30280931915236675,1
0.25055795870551956,0
0.44675797665616546,1
0.25215193172067996,1
0.41642599201842156,0
0.29336784953720196,1
0.3856838703695373,1
0.25345983234750624,0
0.2891371538396862,0
0.45703940721510233,1
0.5822033403099951,1
0.33467244010283403,1
0.5583834069978765,1
0.3518364164638043,1
0.3861306409458893,1
0.3106675434086572,1
0.30543216188793076,1
0.4209550851347357,1
0.5034740723223787,1
0.4121805607359676,0
0.4648847719336319,1
0.5290885643855024,1
0.28307124671264633,0
0.58146594636204,1
0.4447475914543621,0
0.29196088621542926,1
0.4222399226552356,1
0.3482611747815168,0
0.33363566624854457,1
0.2512744751656743,0
0.4505804906188887,0
0.36747469416202827,1
0.4691203719562779,1
0.42715106392901286,1
0.374778301116338,1
0.4726908646630843,1
0.5537300530244025,1
0.2930780497700571,0
0.4841798015719462,1
0.37473897372989917,0
0.44159321506644517,1
0.4163136928694754,1
0.5421614458562746,1
0.43953942061071355,1
0.28388856985041466,1
0.5097205412143455,1
0.356784098176803,0
0.4022056334515721,1
0.5327131236969476,1
0.29986809237644324,1
0.29472068945522484,0
0.4463969667131903,1
0.4828644812896396,1
0.2785897397320874,0
0.24815717707378793,1
0.4719404796799269,0
0.2253717664973311,1
0.40283718746811153,0
0.27753867398821835,1
0.17588133599312736,0
0.39800183560004215,1
0.1847057769366672,0
0.4554810364285601,1
0.30377429257155736,1
0.411246437924762,0
0.398023001218612,1
0.3801171665268722,1
0.3525493571936166,1
0.5003412611357403,1
0.5011682579954928,1
0.21650749553419857,1
0.5004221072526672,1
0.38820510299845323,1
0.26422859481895705,1
0.2587395490833777,0
0.32547721345978786,1
0.2938661838576003,0
0.44936600338125515,1
0.36032884256733977,0
0.4581013308246262,1
0.21038260206168624,1
0.42395328419123735,1
0.5045520148757051,1
0.2006686152302001,0
0.5178583380498215,1
0.4557289628878263,1
0.4232702072125357,1
0.2856758830949857,0
0.2769380161038098,1
0.2951790428231186,1
0.2685721523345379,0
0.2408613083651969,1
0.2997817627697715,1
0.2716528383021802,1
0.30769826966168545,1
0.24332345581350667,0
0.6437261810577916,1
0.36823912095696926,1
0.35969847912497654,1
0.26298240546182455,0
0.5098284006239114,1
0.40583921554856817,1
0.22861388871106555,0
0.1857172194405105,0
0.4758851171318231,1
0.4653548846468137,1
0.3977010383036117,1
0.538018404699764,1
0.3557583657466632,0
0.5141681929941547,1
0.3925386790809436,1
0.5000213919334621,0
0.47290827457783857,1
0.10487860182071042,0
0.4923802548854501,1
0.4950358907583745,1
0.38188534185102735,1
0.17567641513245522,0
0.41152232745145456,0
0.6008541581920422,1
0.21382211411246008,0
0.3158146525767441,0
0.2624387916749238,1
0.28700906638165274,0
0.59033001055502,1
0.4503500966503916,1
0.36219991999772727,1
0.2811088810508602,1
0.4352340413909253,1
0.5300856889470311,1
0.4674072995901597,1
0.4601804511277182,1
0.45130207849253345,1
0.46090485410396365,0
0.42153842175456324,1
0.18072905539068956,1
0.32920600097827424,1
0.32811592327730005,1
0.2588404634214812,0
0.5674858482354235,1
0.457278894479952,1
0.49799030054137744,1
0.21549007309277843,0
0.40930474581023324,0
0.3865618280576322,1
0.3370129620954107,0
0.44239337744483254,1
0.5569308601161579,1
0.3303406889636565,1
0.45992315333395756,1
0.3464864426836734,1
0.29240257019406274,0
0.3731403732948671,1
0.30191764776483315,1
0.260559395219379,0
0.5183241576128136,1
0.31211442091668773,1
0.5247908094127622,1
0.2141317337306683,1
0.4434773421371889,1
0.27615557817476427,0
0.6070531136922013,1
0.3964910409837742,0
0.33918242566012374,1
0.3286918358046821,1
0.4211001914723772,1
0.2892077862977427,0
0.27969636050281754,0
0.46022146256310514,1
0.43119326882865433,1
0.3698988128927297,0
0.33217000210493225,0
0.534443468853373,1
0.38384083523656476,1
0.2451544812375409,1
0.22003914622650958,0
0.4382566892446522,1
0.2741587512436828,1
0.47958300903632656,1
0.4111951220468133,1
0.27161940861135486,0
0.2726010689585249,1
0.3093837866514833,0
0.43208417269323757,0
0.26041254482213233,1
0.3714470037995747,0
0.6508901768524399,1
0.28549831451572155,1
0.2382313591035044,1
0.43147979160178834,1
0.2040250848873292,0
0.38941685468553877,1
0.45766839950080374,1
0.4781692545261874,1
0.30628924122341256,1
0.3434535624288266,1
0.42171693744205374,1
0.14919805224722962,0
0.3063538186058482,1
0.24919827379120008,1
0.27702130219148724,1
0.4532118895250558,1
0.5188266142440212,1
0.3585063879392094,1
0.5921250776165838,1
0.3404920593428302,1
0.6056745612549653,1
0.40459597507694345,1
0.2997536485334327,0
0.3291568807861069,1
0.5399712036474662,1
0.4373586714626869,1
0.5808640468318346,1
0.2872336476713508,1
0.17377060088595012,0
0.4572157478274061,1
0.48937747722132785,1
0.40482281994150854,0
0.40268529358556815,1
0.3474592526645014,1
0.5077230641542392,1
0.2810731195728391,0
0.5485244264714999,1
0.3362011308414865,1
0.4285075934108602,1
0.26501013841756904,0
0.2630902835316962,0
0.334959206746134,0
0.44988420987166794,0
0.30551078391819525,0
0.294405715911727,0
0.250173084857022,0
0.28445423911131457,1
0.2467489236431933,0
0.27461223023286446,1
0.4766366992517294,1
0.3289634131722498,0
0.19899170955220236,1
0.42883853496325275,1
0.14901914800824329,1
0.3214108922242019,0
0.4375569139629767,1
0.2430058141050143,1
0.465753467037183,1
0.4441180245576881,1
0.32208469930492367,0
0.4647282230622605,1
0.4701677357866825,1
0.5106566179118326,1
0.6407782866751014,1
0.3778163043073698,0
0.34533483470293097,0
0.190447637521229,1
0.44222444527896587,1
0.5630495387148541,1
0.5476953703363114,1
0.29513151152554207,1
0.38082749451677583,1
0.18861252307693113,1
0.2899709015478038,0
0.3667602497286647,0
0.45880157585342074,1
0.3974964377445649,0
0.2801919259156008,0
0.2929173285985283,0
0.3298629864900068,1
0.2702809839516967,0
0.28281391695383346,0
0.510558424691883,1
0.24867437758475394,1
0.4437480329171326,1
0.3668120355945984,0
0.32786378561310026,0
0.2662364291547025,0
0.23316996888036498,0
0.48233505521795095,1
0.2648529518691264,0
0.22335691648037526,1
0.45631303222322006,1
0.303108762229313,1
0.3659986204798099,1
0.3121851080546731,1
0.1930226955427627,1
0.3722906386080755,1
0.3834753666777114,1
0.5503774238912542,1
0.2414546258510172,0
0.32483869692028217,1
0.2168167320622337,1
0.3282259769911397,1
0.5099902696260405,1
0.24238697736126757,0
0.12941716215613697,1
0.3175410028685452,1
0.240437896513993,0
0.3741213169217267,1
0.32829530035898663,0
0.34460140484049195,0
0.2686513505069718,1
0.2635598547857673,1
0.4319756752730247,1
0.4690299347491578,0
0.35059160360272407,1
0.2596037298303303,1
0.28632411995380747,0
0.33381911048265583,1
0.30294396942190177,0
0.4144868669054867,0
0.3691558132255759,1
0.4045745705130435,1
0.32388895098156784,1
0.2757200814303785,0
0.17021276595744683,0
0.3493400937304531,1
0.23369358430580597,0
0.43996385958866513,1
0.27641870193343143,0
0.24944171468087045,1
0.22702745350795422,0
0.3648596268830052,0
0.4424369111451001,1
0.3290641810242903,0
0.16731087155471927,1
0.3501607863488606,0
0.4148512199880039,1
0.4374088249174788,1
0.534005549840021,1
0.37114542662759437,1
0.31303659083249374,1
0.48422695963338586,1
0.40483810687809335,0
0.3460285526494929,1
0.2381786129196738,1
0.3001070010062855,0
0.21987349992747568,0
0.28237534713269774,0
0.5485750686677243,0
0.2032237755669906,0
0.4576295385965531,1
0.4019855547982825,1
0.3096184922551231,1
0.29617806836085964,1
0.3568045228663948,1
0.2578924234206279,0
0.3857066808678396,1
0.21309425006298893,1
0.20409591656236817,0
0.2292308816562559,0
0.3203915264108417,0
0.4364554826565294,1
0.20999357958437748,0
0.5393701266446208,1
0.24632849745172883,0
0.5581439984947942,1
0.2697428679655485,1
0.26930315112370323,1
0.49253795264661643,1
0.46833264080400466,1
0.18514327985361453,0
0.26296722997117833,0
0.24419507256598896,1
0.3047959586442694,0
0.5267462297109166,1
0.4649367930985018,1
0.39880199103288033,0
0.5727027769066945,1
0.6516823304822089,1
0.5419075907607779,1
0.23406742990427418,1
0.43899024127574804,0
0.2000307103481926,0
0.3385987249967693,0
0.20218814671705224,0
0.4761032005397097,1
0.35369839786824686,1
0.539170949810704,1
0.4324630884352032,1
0.42119689571799246,0
0.6248215378517664,0
0.48415993264429186,1
0.39396682524565396,1
0.27403277483545513,1
0.33622899622838126,1
0.3985282972993779,1
0.46433621025777577,1
0.23837596941940134,0
0.26529966087610624,0
0.47374267219067456,0
0.3108797115311674,0
0.5523528566775343,1
0.5067589180573921,1
0.24874083904650657,1
0.3637662903327745,1
0.29213335841674254,0
0.33553806948230164,0
0.4253939081288318,0
0.2145771617797974,0
0.27166047129231785,1
0.45037967129702156,0
0.39016788197123337,0
0.29232772186375117,1
0.143337514367154,0
0.4926145654340713,1
0.4842749667583513,1
0.5030790934525741,1
0.3450223873794324,1
0.30024509918063286,1
0.24839208564775206,0
0.3680627665873573,0
0.29000393018831727,0
0.37827158664102556,1
0.5294922098975354,1
0.29206087906507905,1
0.4419833547150719,1
0.49380424302575127,1
0.28306350342063735,1
0.27694788239522206,1
0.501162269091591,1
0.3313755795329741,1
0.5099865927190869,1
0.14897140321900265,1
0.4325758580849618,1
0.3866086255889531,1
0.34051001888203397,0
0.23028956328360062,0
0.4340904822542046,1
0.29371026487476853,0
0.23483102197211433,0
0.6653660947102249,1
0.4929584363738691,1
0.2303046590380556,0
0.2812153948378447,1
0.22724502322068174,0
0.35750449292215136,1
0.41026842136886854,1
0.2754894040820523,0
0.5459742390872158,1
0.2599744888767657,1
0.425573407189401,0
0.30342215275091317,1
0.2756815670451436,1
0.3946469983890318,1
0.4348261147949891,1
0.49477658681002396,1
0.31764176507585273,0
0.20810279674706825,0
0.5499194579937484,1
0.45712640019125717,1
0.41112871581541865,1
0.42935580682961366,1
0.4384039355059305,1
0.44430433966616706,1
0.5329643706072136,1
0.3683999465018474,0
0.4501472820421721,1
0.37747572854169364,1
0.40589856870296603,1
0.4556523449651293,1
0.27463343573589205,1
0.33255240467124403,1
0.3400771019460315,1
0.2817889281352839,0
0.16584231968571592,0
0.15000985985573934,0
0.27380436747642595,0
0.2960206356194694,1
0.4439176117844539,1
0.1831321387945018,0
0.4636144857693098,0
0.39902804455073154,1
0.5251086747541913,1
0.35830564276732274,1
0.2286402375649688,1
0.5110192812886061,1
0.41451852056592375,1
0.44207308045747307,1
0.4465884181059268,1
0.2752577944865422,1
0.3014716843467129,1
0.48423768171242715,1
0.3528242436737663,1
0.2795042221692603,0
0.35262277994002245,0
0.20686025308881098,0
0.4038549713503498,1
0.5477941890997609,1
0.47115470795537345,1
0.15345476470158093,0
0.38730754350724445,0
0.3813102459559305,0
0.3822338753561309,1
0.3145761824580885,1
0.45234106469350144,1
0.22478572330462376,0
0.3046155782773197,1
0.4234081565596537,1
0.41753124435804034,1
0.4302337580561421,0
0.3691228637786844,1
0.43994988958919795,1
0.5286634230323095,1
0.2562212746479907,0
0.36821454622342115,1
0.1795815278667031,0
0.29889402524510994,0
0.4016599230512339,1
0.34752056714654717,1
0.2881152031348222,1
0.41135727919934545,1
0.3138499430660284,1
0.32233537069893725,1
0.5944020257953552,1
0.2434761696826209,0
0.11691891455257997,0
0.1094066161350235,0
0.3721530342603235,0
0.30016174983096894,0
0.3261471376539349,1
0.2918685117705024,0
0.16375921459200252,0
0.2590095857119203,0
0.374968805985811,1
0.28680147246040566,0
0.28072004479928414,1
0.27936862248053845,1
0.4441293204551332,1
0.39891632323018855,1
0.2655496935698001,1
0.25994774303914336,0
0.2736850571133681,0
0.3279909955169206,0
0.2577644044639868,0
0.351072839411036,1
0.18842592711675155,1
0.15039874427130864,0
0.3327582238053974,1
0.3689453911811107,0
0.2729323967702943,1
0.3022851363869844,0
0.28186909825304246,1
0.4075003745432942,1
0.38226938430414814,0
0.21262458471760795,0
0.24457160043602721,1
0.24185805672016478,0
0.5606653905456901,1
0.29206376587900734,1
0.5203182893572388,1
0.22106486751882723,1
0.27964878012895245,0
0.34382481448446556,0
0.29609333453432796,0
0.4134886587962546,1
0.4054436971384142,0
0.44044093735129947,1
0.19178706630758366,0
0.4703930516697058,1
0.46168373430352505,1
0.24220530347656918,1
0.25423600908070165,0
0.28887046208304545,1
0.3033129038311925,1
0.2609373573540871,0
0.516256283173029,1
0.2603104425189785,0
0.4213262253512233,1
0.26997659528326123,1
0.36919510329230915,1
0.42132749749557524,1
0.34439947421080064,0
0.612718992254588,1
0.5082244563724104,1
0.35425270633349343,1
0.359246608030886,0
0.2630300692784613,0
0.5144336281799579,1
0.41608094662211764,1
0.2877742871325053,1
0.4587974498530811,1
0.23127351383034178,0
0.37328641939374924,1
0.5091741655902821,0
0.3409805602588489,0
0.5837921047465358,1
0.37776388548355544,1
0.4649611990907779,1
0.43876443625860484,1
0.2229304535813919,1
0.4592397746830232,1
0.28604816672415834,1
0.1319071288327585,0
0.3273154378872346,1
0.36659801419539084,1
0.435955609385695,1
0.4646520377436284,1
0.17534946132233284,0
0.5080544989925845,1
0.3989424062924901,1
0.429988734111604,1
0.2893187558534867,1
0.2528368730302426,0
0.35993944818685897,1
0.40252408881238266,0
0.4959236752026077,1
0.4094060966576814,0
0.42595233323371834,1
0.36079488561748774,1
0.3526025077801172,1
0.32478862172033485,1
0.3816842962406962,1
0.35670561655825617,0
0.37202344059897413,1
0.22240938799445095,1
0.20405022818477986,1
0.46221429336985187,1
0.1553861749951177,0
0.35874015134663195,1
0.2867590816445611,0
0.30489286747459304,0
0.4778635118224796,1
0.3161360921910374,1
0.2771627192749922,1
0.37702268129574784,0
0.35413056136178406,1
0.2932916865419975,1
0.5873302387146965,1
0.13187756549401133,0
0.26693372707978175,1
0.28560044845226534,0
0.4864949954959803,1
0.1952351751350338,1
0.44538726937844625,1
0.35817713971169635,1
0.30320550954158415,0
0.36573988247976374,1
0.2917607653154846,0
0.36344121339946167,0
0.4272205034751967,1
0.3863584712330424,1
0.14647057479047979,0
0.3845651146647532,1
0.2726667484927951,0
0.2959786410515063,1
0.45974659014055047,0
0.2830629654247746,1
0.43427338527842047,0
0.4922290887131465,1
0.3158901975577332,1
0.4786080660198808,1
0.34123687529219726,0
0.4578162176765143,1
0.25688392499872786,0
0.5114919448585694,1
0.5545669210651499,1
0.26618387027216606,0
0.33031273086709567,1
0.5067691285308914,1
0.4840252654248879,1
0.20353434333840764,0
0.35720300252500087,1
0.6324828651020422,0
0.4888768046126949,1
0.4631573239639001,1
0.13916940958438517,0
0.28449951620372504,0
0.30811276190898995,1
0.2544744037410835,1
0.32985929941214676,0
0.3800098715680889,1
0.40580977815707625,1
0.2552795638301542,1
0.38387351301390554,0
0.29630105456254263,0
0.4014923338648643,1
0.32600913372673274,1
0.34654515498332933,1
0.43148842690480665,0
0.35701122901170196,1
0.209947997515611,1
0.33137423035474967,1
0.5369222058985902,1
0.29659324724868313,1
0.56804667520064,1
0.42277185984783033,1
0.4384378489653834,1
0.47442824872191663,1
0.2284817516399764,1
0.16223848362006452,0
0.5416490132813886,1
0.5490385328698485,1
0.4229793393757052,0
0.3324277116555111,1
0.26139745226540984,1
0.5614792510809146,1
0.23613754645623639,1
0.42730305232463434,1
0.4993077558507284,1
0.4466196638986385,1
0.41272627297949854,1
0.2438800195988081,1
0.32146050415123195,1
0.29279402522075876,1
0.2978391145928905,1
0.5477182412264149,1
0.4494558563074021,1
0.46937306861353123,1
0.2641559040531372,0
0.2862738344071312,0
0.3230250739499271,0
0.31943466209961785,1
0.22047076413795091,0
0.3557202827529779,0
0.4455493667676028,1
0.23900344173511104,0
0.27763655046540775,0
0.44172966923513307,1
0.5530327459959117,1
0.36305822814505945,1
0.42166308491813553,1
0.44720356093127134,1
0.3940144403685428,1
0.5071543561537307,1
0.258959443096194,1
0.4646982279788168,1
0.44988260330291524,1
0.28888172848172256,0
0.2622151394935123,1
0.43529457994897425,1
0.2796467625401507,1
0.2671515978222154,1
0.5380724668813708,1
0.42770836755172253,1
0.2757560641515074,1
0.5373873437254209,1
0.4779396538653955,0
0.30900267585370594,0
0.187383171837416,0
0.44686420711479496,1
0.3419599967400659,1
0.36799652023336804,1
0.2514428978653291,0
0.5116282810139343,1
0.3180570622587232,1
0.4456196324198016,1
0.355349372430965,0
0.45970084199434696,0
0.4986925614683487,1
0.5617244696575153,1
0.33307955851814397,1
0.2964491280832548,1
0.41232789097807176,1
0.23494021707706328,1
0.26677160653704535,1
0.3776775343191389,1
0.420342179554995,1
0.2631150366769863,1
0.357703137630401,1
0.34078162938206197,1
0.42951860860718105,1
0.3006931406429875,0
0.531859153936824,1
0.3475710522135993,0
0.42526041507094786,1
0.26948590613292794,1
0.4172813025545059,1
0.5095454278464926,1
0.45804055686649925,0
0.4577509743392989,1
0.41497160614569667,1
0.3869882929766052,1
0.38922844520753797,0
0.4073528227256414,1
0.4248053876307326,1
0.2814747131826268,1
0.33462400728120983,0
0.4210337116731675,1
0.28417871432322117,0
0.24998740632521746,0
0.3999179996158075,0
0.36730182694604774,1
0.3556154328827098,1
0.40970169180750016,1
0.2572776639117272,0
0.41523309239933576,1
0.32482232465405897,1
0.4109954846694388,1
0.3696095013344326,1
0.4776024009012832,1
0.4608743904659824,1
0.4526182352642617,1
0.519523202007405,1
0.5106346150717472,1
0.20658216445792174,0
0.2698203312214603,1
0.4719212765831779,1
0.47231785269586085,0
0.5534904483593829,1
0.2961799811409972,1
0.44451515966716126,1
0.3667542218684719,0
0.41947086937093747,1
0.2784987757774121,0
0.46095557447105917,1
0.4246658163765303,1
0.474380058120654,1
0.47622599503809077,1
0.2015788396739704,0
0.389252863287005,1
0.44810280878271913,1
0.38750876397037426,1
0.5261016186993975,1
0.5029039467076846,1
0.48341941061837845,1
0.3137377350092262,1
0.4098185118147546,1
0.3377434222057763,0
0.28425865376213333,1
0.2088790546156631,1
0.2741076430603396,1
0.15836995678970636,0
0.21309288122350464,1
0.4144655123360558,1
0.5196125923543808,1
0.5303035207902942,1
0.22377439147426045,0
0.6026803865418787,1
0.46569294708885295,1
0.33043837518085467,1
0.5557464655634735,1
0.25296308862027383,1
0.45454232503214703,1
0.4692555383733757,1
0.21345105245131676,1
0.18296324359493382,1
0.284441099493088,1
0.43489569176492665,1
0.5250392339076823,1
0.5074205789128666,0
0.2797939260208343,0
0.19438033185407533,0
0.4670556528864166,1
0.22762839691570738,1
0.6135796348583701,0
0.2810656555138795,0
0.30085822817844676,0
0.41225357833719706,1
0.1843379148879883,0
0.49177983855859214,1
0.976923076923077,1
0.3252140332135606,0
0.2787051512610003,1
0.4956989867822777,1
0.4391482721547711,1
0.5283981486420264,1
0.41742864096216353,1
0.545838309776559,1
0.40597718112895875,1
0.3216930004934938,0
0.42225343975560553,1
0.2500441294233034,0
0.4576180959448945,1
0.25325073113443947,1
0.5082541325379519,1
0.4043222256733144,1
0.44466430428740156,0
0.40445029407071587,0
0.44838801946031703,1
0.5398428202395922,1
0.43003174133193234,1
0.3505808707122491,0
0.40465496769269443,1
0.4416574427884746,1
0.4958494690235114,1
0.3878050257401714,0
0.4063486151852139,1
0.29140632781090614,0
0.4964422880983569,1
0.5375861165512119,1
0.411757923525534,1
0.22888003871989213,1
0.4225091315264303,1
0.4605165943644425,1
0.4251408330188072,1
0.383498301394134,1
0.3584288847479005,1
0.47838746469972815,1
0.30260609660554316,0
0.4478299921419944,1
0.3267461022529294,1
0.4424302980856391,1
0.3726185992993841,1
0.27749874302640226,1
0.2618850015566595,1
0.14311270125223616,0
0.2945757332849824,1
0.4041744378504244,1
0.3748865382497884,1
0.3006803436331072,1
0.265768897176681,0
0.22939020805452853,1
0.26819048987352184,0
0.4246887713265509,1
0.4347472782709303,1
0.21198119981945637,1
0.4162726611419898,1
0.29804132346101314,0
0.43089628030181265,1
0.2666308242219866,1
0.3308879838405793,1
0.23857633071062354,1
0.5363453458353237,1
0.3933353409130621,0
0.5129729918235593,1
0.4495118605236437,1
0.4238810371140796,1
0.24516883229789063,0
0.27650101509122205,1
0.4654748819828682,1
0.5507619212139587,1
0.18159057307772097,0
0.5136383481015809,1
0.3302667972256515,0
0.645100877163531,1
0.2685427555734211,1
0.35631227167590795,1
0.31718952294797903,1
0.15387223996830407,1
0.41705672963239676,1
0.2901150416673505,1
0.5324622135117888,1
0.3819524916107745,1
0.2827024530336212,0
0.25702161993981487,0
0.5657444232211187,1
0.41623139432860146,1
0.48757129169443875,1
0.4022477467651943,1
0.46176406166341394,1
0.22053028248931722,0
0.486387468888489,1
0.3641952698429927,1
0.36741494780005207,0
0.22031952392108173,0
0.3993096181923753,0
0.5130901961807625,0
0.4212102136841734,1
0.4587645112780944,1
0.24217278028998443,1
0.5423428315984536,1
0.38105889847872926,1
0.4653961865440243,1
0.3674781450081314,1
0.25661722667890335,1
0.17797283885967688,1
0.3030240278950689,0
0.56597932749129,1
0.2711041502353074,1
0.3208229748818123,1
0.16422040183246653,0
0.4475088914039653,1
0.4093292450754063,1
0.27609862432464694,1
0.3682774352003696,1
0.25761033422729596,1
0.3206461992172935,1
0.28359416421593026,0
0.3181751368042868,0
0.26525844170408347,0
0.3738029340509892,0
0.34498396390993025,0
0.5084151166627716,1
0.37211853462496297,1
0.3724697435310462,1
0.448191270923568,1
0.26621606806235576,0
0.2318493539988383,1
0.2577863729236867,0
0.3346547931533658,1
0.14677742214177422,1
0.5085422877754535,1
0.23039747779310563,1
0.49856996880604704,1
0.25050574940801684,0
0.26628340895817426,0
0.4297813044704477,1
0.3739097348892895,0
0.48405938073079946,1
0.311767434189036,1
0.3864011973811589,1
0.5821051362876551,1
0.4514691516876475,0
0.44938062777732873,1
0.5115484729118598,0
0.38681236030071975,1
0.2853978670439719,1
0.42949817159819,1
0.327657689256163,1
0.4907902149816757,1
0.45939237025327845,1
0.47809594044345305,1
0.4279895239999119,1
0.46170591335310285,1
0.5522394012169302,1
0.5325751025571498,1
0.28358482319893064,1
0.28304107101016135,0
0.4235223534344703,1
0.25715728776437446,0
0.3195809699908458,0
0.3498829876155183,0
0.43552310330653454,1
0.223706678993592,0
0.31825974066522067,0
0.37648840356439445,1
0.3119816270144366,1
0.4197887445313805,1
0.3893781739718783,0
0.32379909206027385,0
0.3591291583941607,0
0.5806385593356788,1
0.5192542704647475,1
0.33686832758311996,1
0.2809907675589875,1
0.39212310502217584,1
0.41371640100939544,0
0.30866325377396764,0
0.4907619797763297,1
0.5414277572921092,1
0.26539698944213724,0
0.2836649565698718,1
0.47835032403742234,1
0.4707333172757473,1
0.363452275275625,0
0.3382608890628063,1
0.3791120893011126,0
0.4726632696158304,1
0.37052619009552656,1
0.3091979343236598,0
0.38574561037195754,1
0.2848488810224876,1
0.24768056549305767,0
0.3212763908411501,1
0.3958985501029251,0
0.5063891111098581,1
0.4361617525885285,1
0.4064236248796625,0
0.36944580338776395,0
0.3248144368609959,1
0.4564262360745981,1
0.2748026907982848,1
0.2910549818668742,0
0.41076004080270423,1
0.2726727312920097,1
0.3577249137116705,1
0.28043672514619633,1
0.27773942528483964,0
0.4212058754671095,1
0.272954092584186,1
0.38939652071193054,1
0.5703981423642328,1
0.44799703826537485,1
0.38166296282147205,1
0.49304437718857713,0
0.1939628324575504,1
0.3658062138811919,1
0.4153764255499811,1
0.45473875976438755,1
0.4002724967799154,1
0.409336720056604,1
0.3450957789189741,1
0.3492217973410971,1
0.3213790594622394,1
0.41609229533898223,1
0.1683134898312833,0
0.47776316367615146,1
0.3002701121230604,1
0.2073539014758578,0
0.21125171913453067,0
0.30507002404827427,1
0.5790305217336075,0
0.22457068379007136,1
0.2895320649470895,1
0.508857826439501,1
0.3916333535005315,0
0.5083420956980874,1
0.4356098809994402,0
0.42196616971059014,0
0.2685376166683019,1
0.2539658139627866,0
0.2452887010644294,0
0.27078249556768885,1
0.4261374437490676,0
0.4591648587925136,1
0.5665919347269646,1
0.30103301453586695,1
0.26639232356857984,1
0.5753786921601255,1
0.4383480505545187,1
0.4291620748815145,1
0.18462345306741573,0
0.3476150341982625,1
0.576246623975929,1
0.41559328812263135,1
0.31720613929891134,0
0.2717375805452347,0
0.3026902133610033,0
0.2643806206287906,0
0.40068106058163133,0
0.6191746018776609,1
0.4506403733749686,1
0.3217510825498871,1
0.363084845097561,1
0.3508295109529388,1
0.5099483896702985,0
0.5266369609049376,1
0.48925457015354035,1
0.42331637309728315,1
0.47247075039866254,1
0.10618513026921306,0
0.4326063492071844,1
0.44154323416827373,0
0.2642468343610808,0
0.27203261153129715,0
0.5376340167047858,1
0.2558514735870537,1
0.2726607556525515,0
0.3644191132641238,0
0.1932767418587444,0
0.2956799416003088,1
0.28283404730356076,0
0.2716271072194908,0
0.4076356019489978,1
0.21723363002892324,0
0.48477662272765154,1
0.3155379111192678,1
0.2766406447812883,1
0.29692349586033295,0
0.5220138230489393,0
0.22143259089420922,0
0.49536476027252224,1
0.4948355903594026,1
0.2430248915612099,1
0.31913906267522546,1
0.39493719081437084,1
0.21350606113863368,0
0.3212397729506897,0
0.4792394213969242,1
0.2610945983329491,1
0.3737147895698173,0
0.5783769907773153,1
0.42146545892692827,1
0.32336311968373466,0
0.462002746969676,1
0.21899078446609457,1
0.20718202208197256,1
0.31855019815877056,1
0.5235613096771407,1
0.3901301460826753,1
0.2915554921271065,0
0.49842526945835147,1
0.5723673219054523,1
0.5227036669019343,1
0.3021596767919596,0
0.1176429987800692,0
0.35462962996109154,1
0.15884476534296033,0
0.25424142501788116,1
0.5161810922107133,0
0.23106995850567075,1
0.5012084592023535,0
0.480597284773409,1
0.4100086399996317,0
0.4417408913581462,1
0.512541523563838,1
0.2982871525341103,1
0.503696311831972,1
0.37169057141271417,1
0.5165193898982078,1
0.6057784956904049,1
0.38647001022148786,0
0.49564155843330515,1
0.2362612901219833,0
0.32010671175333194,1
0.43368581463298234,1
0.4647216773795607,1
0.4211611292465814,1
0.39679495019535377,1
0.4156136267616965,0
0.39895991245489176,0
0.32138932157723926,1
0.572293251278315,1
0.4574177090233645,1
0.275849984611199,1
0.23957781859710597,0
0.3982121154684563,1
0.41242071094692156,1
0.2488859492156376,1
0.24053719748069702,1
0.3042975065864774,0
0.45034180289905157,1
0.38270084994229076,0
0.39220531354745797,1
0.2404147594362841,0
0.20996468660321999,1
0.3978867864564888,1
0.43190070652098167,0
0.3877582435888929,0
0.4108530163800139,1
0.5005437198632267,1
0.29041073556162916,1
0.5457376321195893,1
0.43872684647500293,1
0.3477772636048689,1
0.2567544731538177,1
0.2417343842920517,1
0.418745971943874,1
0.3427054118348857,1
0.4612999710366897,1
0.440051704317719,1
0.258708987365551,0
0.293183039266234,1
0.3867031047148839,0
0.2679059363048115,0
0.4281409178121636,0
0.20338713671955558,1
0.5074277629946442,1
0.5470835204355043,1
0.5633254398984571,1
0.45168768243317287,1
0.4658229694889197,1
0.37755006815543823,1
0.30237127783904605,1
0.43531256454434064,1
0.36434501575176004,1
0.579529067471754,1
0.2339151392276398,0
0.47855690683042407,1
0.3720961452749546,0
0.3432185389508744,1
0.3037944593180754,1
0.5714305887179024,1
0.4345725097147815,1
0.524812401261476,1
0.4653680120666883,1
0.33046328819154597,1
0.4425178741612132,1
0.3986001681629243,1
0.38035001477538455,1
0.2416165460314149,1
0.4763086400004313,1
0.4368433983033431,1
0.4021017171794784,0
0.3301388592810889,0
0.17456044768934736,0
0.49027573905251237,1
0.21259426836148743,0
0.5333731548303021,1
0.507426966407087,1
0.13864676030871095,0
0.3703463759135684,1
0.12380653665892749,0
0.29456970354947937,1
0.23483370085783759,1
0.26121702638897454,1
0.45035192262716034,1
0.48081184461242465,1
0.24842301542033873,0
0.5238377619064621,1
0.42803752869799605,0
0.317683545109719,0
0.22726802092130163,0
0.48325221777128774,1
0.3951668358485774,1
0.41141206970200245,1
0.25950159292507197,1
0.15872247209522156,0
0.4025428944530423,0
0.1799895282518545,0
0.5414284282132713,1
0.5721352947973288,1
0.2973602943882487,1
0.19476143848958458,1
0.5103945106644885,1
0.16002456827855407,0
0.37083718651712366,1
0.23391689005282582,1
0.3380634502238496,0
0.3566864550012506,1
0.31359851923569293,1
0.2854294061156226,1
0.22162449247005958,0
0.3388374139698022,1
0.3045221808289734,0
0.45117622599584,1
0.2752673466382173,1
0.2804885844748411,1
0.33693360367174713,1
0.4437585425643096,1
0.27759295924332333,0
0.27561375457607157,1
0.3211932732033312,0
0.19988257075200305,0
0.5303230399425135,0
0.4121323189198804,1
0.3181704550409162,1
0.5379150329353749,1
0.5147794415717818,1
0.26619361970284394,1
0.5702861419906411,1
0.322827797866083,0
0.3919153248507057,1
0.44854356978310256,0
0.23041075442364306,0
0.28219213100182083,0
0.26505440547233455,1
0.45101792234458354,1
0.351104113862695,1
0.27988325449538787,1
0.39508503784304505,1
0.46881603598465416,1
0.4797380249994501,1
0.5775498683429179,1
0.27165985826267447,1
0.4568280215017041,1
0.5915575908151478,1
0.4567552017629252,1
0.36792665446559425,0
0.3023561279920371,1
0.4871057682215961,1
0.2686139478818151,1
0.16131164865430192,0
0.4260343569069427,1
0.4297660461496332,1
0.4506386741165643,1
0.30598056641999505,0
0.48968261617707154,1
0.1320399762889547,0
0.441743714625234,1
0.3095044512864367,1
0.1841617974061978,0
0.4733089084722819,1
0.3096953517507638,0
0.2780087980024117,1
0.2917483948352348,0
0.24943368866134863,1
0.4330386404710959,0
0.5326401468458649,1
0.2606765208468567,0
0.28173175334064465,1
0.27972551701073367,1
0.34144340517599636,1
0.18682896779188,1
0.19953940920223742,0
0.34237267798016713,1
0.32864007011959606,0
0.3429484199725612,1
0.4427917336288825,1
0.6711766100834408,1
0.36912740501251745,1
0.3505669491472653,1
0.6085821184001483,1
0.46593185373511636,1
0.46472894366779366,1
0.34873039187626964,1
0.4872075412603366,1
0.4007958012949339,0
0.23817889040579487,0
0.25427282389021133,1
0.4179752389631583,0
0.4370028636953315,1
0.5998945790177538,1
0.3254109826934689,1
0.43896193337328476,1
0.48374502493708615,1
0.22626457674741735,0
0.31476714128624467,1
0.3400039369412173,1
0.43420837686656016,1
0.4778396846478423,1
0.309907821767273,0
0.5192027295628251,1
0.4300812696624685,1
0.4923242648549728,1
0.2940947151207175,1
0.36819658593858234,0
0.3580923838453846,0
0.3804540327537682,1
0.3573868376012278,1
0.2958431973747051,1
0.45851438037442876,1
0.45105864203814083,1
0.21206339822650508,1
0.22778148216200214,0
0.4304819683252019,0
0.3675084461520021,1
0.32199081378876343,0
0.17758029503847156,1
0.20003632339680838,0
0.46943513636272793,0
0.18837676812148046,0
0.5369370375372504,1
0.4039148370717634,1
0.22987503453280375,0
0.44371857787258445,1
0.4409525152725677,1
0.21371707454238914,0
0.39800200075106934,1
0.5739074562290766,1
0.2621562644456156,0
0.35300768519428516,1
0.5714564484791642,1
0.4507402810378156,0
0.4196822723845274,1
0.36416259864903977,1
0.25924130662550593,0
0.431916351340965,1
0.16044340816958,0
0.4594803967423025,1
0.5026114019084893,1
0.5387768451227384,0
0.26017575986332275,1
0.39082023299674773,1
0.184414376931888,1
0.4665976798659563,1
0.35503983744781165,0
0.22931035989888954,1
0.1890765465597312,0
0.17768339886190937,1
0.20045558086560367,1
0.22541714387570422,0
0.2943169874100795,1
0.47693816582864096,1
0.4453487459784809,0
0.35165389894354093,1
0.32675186437462334,0
0.4894455429438184,1
0.2680632532211675,1
0.407872149696978,1
0.46322616084618,1
0.25439560417192475,0
0.39708245177225404,1
0.25218557354236004,0
0.43649494924586363,1
0.491679856229852,1
0.46180254107183627,0
0.31213554306172964,1
0.5202053740357497,1
0.3292685598917737,0
0.3291658942317874,1
0.40251136880378063,0
0.38213572961786046,1
0.25006695175474225,0
0.3844457576195356,1
0.2740868415088865,1
0.5268797699654266,1
0.4136635529355237,1
0.363523353364587,1
0.3163875447146534,0
0.3735419388557688,0
0.291371422700045,1
0.44157898241217036,1
0.39398615193977465,1
0.2029823672473599,0
0.5442226544363875,1
0.4822169261712637,1
0.37462113472359804,1
0.5487154982922594,1
0.32131550131145337,0
0.6333224502425323,1
0.6546513558959502,1
0.3304970487278048,0
0.4626467691440029,0
0.2491352542410863,0
0.2808917477968396,1
0.42713714749328136,1
0.374444655826184,1
0.251679348318615,0
0.4561892951735716,1
0.28425403656564885,1
0.3913180214483309,1
0.38858218594436444,1
0.3463042257151978,1
0.49479069729668307,0
0.21811400092343627,0
0.3136057673649414,1
0.4204571323838971,1
0.3740706639801063,0
0.23192227038068594,1
0.30073491226591836,1
0.2848102280446012,1
0.3293470165461016,1
0.45507403886265935,1
0.3480269419625157,0
0.35266765115781684,0
0.49697555434091434,1
0.3227586821262618,0
0.4292905186309175,0
0.34524564286022225,1
0.2555071667095847,1
0.14782959004243207,0
0.2629173780400786,0
0.5102223624295749,1
0.38548920612492255,0
0.5248944816947035,1
0.4313167479837489,1
0.2910099196942136,1
0.5435049030595581,1
0.228628214301284,0
0.2791142646620793,0
0.54777570370727,1
0.3521653318456374,0
0.4565452809969559,1
0.4505307345838853,1
0.4560416950565069,1
0.3780584510267151,1
0.4861142043168194,1
0.467492553876991,1
0.3938894900623126,1
0.29797536326509805,1
0.46096787836852876,1
0.24217611702073222,1
0.27032754035295337,0
0.4590135372798384,1
0.303418208977785,1
0.40170094939751677,1
0.4260807944994447,1
0.2625602799810985,1
0.26082655389026393,0
0.544420550418756,1
0.2688818244565433,0
0.46895096830810323,0
0.43954310681292513,1
0.32212507457321393,1
0.29941086668237493,0
0.43333909672599785,1
0.4414863049219911,1
0.511203712202606,1
0.5103582376094055,1
0.19744098363099455,0
0.46972126623263577,1
0.45145619036610973,1
0.4220881624320399,1
0.4009216563865107,1
0.31333653426294855,0
0.42203958359165433,1
0.2638408711580357,0
0.34757105221359924,0
0.4446329389316531,1
0.33485236213907754,0
0.2757302557309801,1
0.2563127082841847,0
0.36205964894759113,1
0.42491665810423224,1
0.3155321718595784,0
0.13605442176870747,1
0.6003741686571404,1
0.5089042894873058,1
0.3809640190341332,1
0.44420579084563155,1
0.5143633359856453,1
0.37484353725279246,1
0.39303254885335853,1
0.34146320668564073,1
0.42425859315732106,1
0.3796365169950261,1
0.259075070927363,1
0.2613279771282465,1
0.49667050601956475,1
0.44951812512825273,1
0.3160194837094733,0
0.42012226032601585,1
0.49251300233671386,1
0.2244713376776243,0
0.436376380998865,0
0.47620773270687783,1
0.4021239786421334,1
0.25061731545589333,1
0.30768865086413927,0
0.37687110870843377,1
0.40910281364774487,1
0.2644778884744376,1
0.30700227630598176,1
0.44687289081350107,1
0.29884781187588566,1
0.43172308747257326,1
0.3982763302492598,1
0.5546501740608554,1
0.4433670133722162,0
0.273781424166853,1
0.44091781882242626,0
0.36117804140739623,1
0.25568188075843656,0
0.1737085114750152,0
0.4585034844738765,1
0.3854541298004926,1
0.28056955184864935,0
0.34906297840274153,0
0.3003657445815241,1
0.28472514926761927,1
0.3273893246279734,0
0.3955242899314669,1
0.2579499760381817,0
0.3177438955374832,0
0.3420625130425249,1
0.3028337986308807,1
0.4830631481606008,1
0.42345016576912214,1
0.24327132917942962,0
0.4470058149077155,1
0.13261876948757445,0
0.32024064742501124,1
0.47811114478623384,0
0.31000242079731005,0
0.24965136111364689,0
0.49940448383422026,1
0.4402783892982239,1
0.5064794870696671,1
0.20995266563391293,0
0.4259337886989129,1
0.39651737012987504,1
0.48024735172452393,1
0.2806666901703508,0
0.4274853014925372,0
0.5122325598412972,1
0.29381687410501534,0
0.09838559289371997,0
0.2926380995210343,0
0.5030952562870044,1
0.4276512059648502,1
0.3056937699167475,1
0.5181676938532221,1
0.5310979611229357,1
0.37523553665690057,1
0.3794510600380958,1
0.6007637808066353,1
0.33726645305635433,0
0.5504147247414143,1
0.19716905699778337,1
0.1966875078915458,1
0.36344121339946167,0
0.4975526370760275,1
0.33532720233514285,1
0.37383914320609385,0
0.3594459935500123,1
0.3894013700105957,1
0.3918795416874368,1
0.381683201986795,0
0.5772849162492348,1
0.36195621163015557,1
0.4056962893917877,1
0.2115100288299413,0
0.4137513992243617,1
0.2855242940537158,1
0.43888795101334294,1
0.33223407951821676,1
0.3447354310080989,1
0.5525922176612682,1
0.501616700619654,1
0.21858866306034816,0
0.3470448161681846,1
0.29439298562286836,1
0.22930446562238047,0
0.3474198066756826,0
0.3351041373898852,1
0.2004688088733166,0
0.4193006377720366,1
0.24937859356897094,0
0.4216231680062961,1
0.2823768611832592,0
0.3242555099283796,0
0.290461597015177,1
0.22188526235875766,1
0.396325324406695,1
0.33692797563153726,1
0.3208365386041921,1
0.5043010448404346,1
0.5971300880010707,1
0.22463097792744516,0
0.4253690911798675,1
0.48280692746202236,1
0.3531949541751201,1
0.2832200650928833,1
0.41129065797185066,1
0.21493658751142183,0
0.2548944624859325,0
0.25957887736456237,0
0.27622806273891826,0
0.331424719714679,1
0.4604999573884983,1
0.39342811092920593,1
0.355818061365787,0
0.4509559722434347,1
0.2732099895058785,1
0.464299666340885,0
0.3141370367925573,1
0.5107620006566288,1
0.2969966810501506,1
0.28418088604234204,1
0.39661169243142624,1
0.24633138999633256,1
0.3230505284593729,1
0.5178063002941681,1
0.15801275379428112,0
0.48947347044231104,1
0.3537462445150205,0
0.32663861632882357,1
0.4089272464161833,1
0.26399704982235606,1
0.4383367562886696,1
0.5248357868130132,1
0.35382937927579666,1
0.4825079083566623,1
0.2917865391940977,1
0.2913049039004724,0
0.3754087788207555,1
0.37796198188365315,1
0.28882230126253133,1
0.24876208989937637,1
0.6098671304540298,1
0.28422394303483084,1
0.46983330200306034,1
0.230247905013387,1
0.12598879053658193,0
0.5759470580401923,1
0.4210200763726647,1
0.38560080768349597,1
0.4886744475559898,1
0.39053817342352287,1
0.27835445917965346,1
0.44011229967439763,1
0.22080127628099622,0
0.29662655831821816,1
0.43977434671529225,0
0.6240178593751966,1
0.2485764758828109,0
0.33128579824830834,1
0.3836176090782074,1
0.26555448907205675,0
0.4014662705189558,0
0.4272892132825572,1
0.43648204714021455,1
0.4358129640717219,1
0.20027462807914917,0
0.49259649117233056,1
0.4615647600674747,1
0.3326210848254627,1
0.9304347826086956,1
0.39358691162255693,1
0.3014410952482393,0
0.35269794812113564,0
0.33347938359022117,1
0.39221035881272037,1
0.14143423676747055,0
0.3501399864922134,1
0.49540625652054066,1
0.2566962324553497,0
0.41978639041299554,1
0.45501818962100393,1
0.3226858133933693,0
0.3257392084515095,1
0.5494859692343123,1
0.4091398068908617,1
0.44889822254691825,1
0.2664254670932102,0
0.42505846930594393,0
0.24329783515251877,0
0.2538012758558327,1
0.47592146508983557,1
0.32087978639846454,1
0.29945419507196425,1
0.3770992473888394,1
0.3036840235373725,1
0.3121086824046604,1
0.2963792581826455,1
0.3814603687848909,0
0.2953627246087269,0
0.32887650325706713,0
0.5280559890542127,1
0.285081000266617,1
0.42049776601091243,0
0.4013653430613997,1
0.2926531825974144,0
0.407666211280398,1
0.3811849763432064,0
0.48686964334091526,1
0.49008608083393845,1
0.4537437313109511,1
0.47684576682824886,0
0.4218590266241069,0
0.21823273858868902,1
0.492539052215804,1
0.4912966238078243,0
0.1988534508905216,0
0.3156633277843022,1
0.2609632045284628,0
0.42697939281502034,1
0.6243277240106934,1
0.3840068035774701,1
0.3764643141639735,1
0.4386887927180565,1
0.1966124582552728,0
0.5154148800985422,1
0.489693221335437,1
0.3013732074330913,0
0.3838465498625847,1
0.3875064366644719,0
0.41429324824987945,1
0.3573266404145626,1
0.6343150836285402,1
0.395301524016229,1
0.43045048275094744,1
0.15821532421537926,1
0.502649575022639,1
0.3467733725206348,0
0.3408468624109346,1
0.3626530089969821,0
0.4477413736455324,0
0.2775457174190818,1
0.43499043807338333,1
0.43263937830284777,1
0.22046292093338102,0
0.22562085373555896,1
0.40689197523201015,1
0.4969705361720102,0
0.4645449548296172,1
0.4235530723765258,0
0.23693303468920118,0
0.4280257592222537,1
0.5281415279260759,1
0.27035746263498156,1
0.23732328341130698,0
0.2954739663825169,0
0.3452317980800339,1
0.1157549012687841,0
0.3150590738377385,0
0.5540257617905119,1
0.17205759404548795,1
0.6163017398609987,1
0.2893654280544384,1
0.5098511467040785,1
0.21284213403609115,1
0.36130481502670375,0
0.20512820512820512,1
0.2668004000446347,0
0.2913069775221701,0
0.4794001684895824,0
0.3302914479644141,0
0.5666200231996164,1
0.31709621108156694,1
0.3119748499930393,0
0.4560428549860223,1
0.2372283033740804,1
0.37625671839297026,1
0.297896654128049,0
0.378459574051677,0
0.37726914541106993,1
0.24143183544548802,1
0.4688110275192784,1
0.5156736372273542,1
0.36119986495086825,0
0.47238979905130585,0
0.31283273261324335,0
0.5756490486050168,1
0.5812611000661921,1
0.47292995703722246,1
0.16396261531346643,0
0.34155040112692187,0
0.3736123262594809,1
0.48185053632923874,1
0.20727781281167013,0
0.1981716585199606,1
0.48116824901976535,1
0.45113894971286433,1
0.4921748057686652,1
0.4211876573198696,1
0.438335749223036,1
0.3912113682595182,1
0.36909135301083845,0
0.3937253912232494,0
0.48090490422825277,1
0.5603017644615348,0
0.47772943091083264,1
0.4292883435511185,1
0.13238091396123933,1
0.3385879311715296,1
0.42829953296858775,1
0.46166923006332394,1
0.3102881499328131,1
0.5632654565357017,1
0.2217189588042848,1
0.4024881041605469,0
0.27311284305654254,1
0.45707649208368173,1
0.2800644719684014,1
0.11056777125909806,0
0.24940494863006057,1
0.21296965206507987,0
0.23092133883511337,1
0.4366665346410746,1
0.4560103943671156,0
0.5189902136226536,1
0.4431487276433072,1
0.3882416463344712,1
0.6110387098109186,0
0.29096041873858003,0
0.21319007701017043,1
0.465971587319216,1
0.5004629904961945,1
0.25433326430473235,0
0.4818893648558679,1
0.5340400839400417,1
0.4788924563682943,1
0.4517360770360236,1
0.3420074642103829,1
0.5203204842460601,1
0.3349163895426875,0
0.22324717341495454,0
0.4490287257305507,1
0.4848030934477987,1
0.43688352291512494,1
0.3191390626752254,1
0.36531555045855896,1
0.5050497463486906,1
0.43218866440405385,1
0.465080923417789,1
0.41307144091046905,0
0.296866787727081,0
0.3209691228626515,0
0.29802301402860887,1
0.6212671897264089,1
0.48515048537572647,1
0.36734517831244384,1
0.4431624199294278,1
0.47155739411905684,1
0.3273211662903822,1
0.44608642031949913,1
0.31870140294887483,1
0.41604142775240666,1
0.3769375520249762,1
0.3561917578660685,0
0.44744830724468554,1
0.1959536692533599,1
0.38936528970058604,0
