0.841428575873,1
0.605048903683,0
0.7066990819,1
0.55297913758,0
0.313118488015,1
0.665389927736,1
0.349488850203,0
0.926090017042,1
0.211373214544,0
0.888901422924,1
0.745063392505,0
0.757357717685,0
0.127620170326,0
0.733507440729,1
0.841663962426,1
0.638019705124,0
0.657532357542,0
0.792095865823,0
0.464586396989,0
0.93865062885,1
0.646708398887,0
0.705396793465,1
0.773072597886,1
0.660339329385,1
0.627024115026,0
0.566474815364,0
0.51123698396,1
0.410019305203,1
0.76875066203,1
0.540109538738,0
0.65274805481,0
0.619346790917,1
0.791512865198,1
0.651051354186,0
0.614674230528,1
0.643391208711,1
0.234556785623,0
0.656412922539,1
1.0,1
0.510615778766,1
0.605749604557,1
0.527923342821,0
0.847563296628,1
0.333059716681,0
0.625816189425,1
0.898549932547,1
0.747469340964,0
0.643227324627,1
0.949354354584,1
0.934859400396,1
0.344358382952,1
0.563836784798,1
0.993651487829,1
0.373903927237,1
0.618842013765,0
0.649034079156,1
0.744699273007,1
0.752475578201,0
0.633249979841,1
0.593024329242,1
0.478985918841,0
0.441099030639,0
0.60834598029,0
0.758993524717,1
0.728930592886,0
0.722821534311,0
0.658749988015,1
0.740140918043,1
0.268132442827,1
0.587007016661,1
0.398832500881,0
0.501752764028,1
0.902750317633,1
0.679881929547,1
0.332414217594,1
0.926468090302,1
0.684892644844,1
0.886746259755,1
0.928687677338,1
0.871193146471,1
0.654536099821,1
0.522342447132,0
0.767788094302,1
0.79021789297,0
0.138857580426,0
0.51387046339,1
0.687827915367,1
0.88680549364,1
0.942795841356,1
0.701373340622,1
0.290381735867,0
0.133362011597,0
0.0754556934691,0
0.758554979588,1
0.396155005551,0
0.724881123389,0
0.3961896629,1
0.382799615883,0
0.31178124797,0
0.644641699301,1
0.464148907809,1
0.34376014775,0
0.640626459732,1
0.757667614264,1
0.731646951597,1
0.746737274823,1
0.654736155356,0
0.758814933442,1
0.286731260277,1
0.786726114392,1
0.645061506964,1
0.617163435065,1
0.753323604239,1
0.184175428803,0
0.0979399597474,0
0.390307889971,1
0.173341277467,0
0.868246764201,1
0.283305446986,0
0.921234969944,1
0.670531097495,1
0.874311377577,1
0.830742374893,1
0.597721613472,0
0.465844542319,1
0.719832930076,1
0.823602890491,1
0.858401770713,1
0.835334295197,1
0.956910922798,1
0.569744439385,0
0.577860733062,0
0.361474151417,1
0.894594995497,1
0.781574216954,1
0.667188521033,1
0.500411594842,0
0.826763051695,1
0.868745614332,1
0.881362365409,0
0.48655561341,1
0.62380824576,1
0.927153778367,1
0.10794924855,0
0.751696416562,1
0.594504875967,0
0.524314965254,1
0.654842502142,1
0.865534600121,1
0.942614633184,1
0.75258252852,0
0.580678452699,1
0.537727228767,1
0.936936969602,0
0.598704996323,1
0.788157363045,1
0.633427719125,1
0.804712529629,1
0.886866193554,1
0.372452367432,1
0.465375612253,1
0.766603037761,0
0.853034132853,1
0.728229027654,1
0.59927552345,1
0.639496308512,1
0.205914079014,0
0.875866252313,1
0.881422867257,1
0.840375108725,1
0.54381248408,1
0.843985529513,1
0.620166902302,1
0.980597754775,1
0.727142433792,1
0.218236085758,0
0.346532778741,1
0.42748559897,0
0.927209297184,1
0.725905627309,1
0.573644009662,1
0.764575743184,1
0.618657599173,1
0.49775687503,1
0.939824321396,1
0.254024761977,0
0.993544684136,1
0.803215449661,0
0.681414985376,1
0.213919950153,0
0.524930504419,1
0.948262978278,1
0.382342286308,0
0.97028736381,1
0.749716889468,1
0.394854425291,1
0.884053910109,1
0.927007518865,1
0.765417822168,1
0.686034334596,1
0.505184318618,1
0.776611546125,1
0.740941472993,1
0.854667034005,1
0.586663130308,1
0.655545485976,1
0.893483753733,1
0.64019099525,0
0.908732124194,1
0.238435551271,0
0.768402274308,1
0.223839874924,0
0.484275120648,1
0.93321562587,1
0.819095092999,1
0.599988690801,1
0.708076018219,1
0.538436931019,1
0.67155822154,0
0.85442581442,1
0.335213435428,0
0.611290681731,1
0.541192922166,0
0.729629230963,1
0.647333344951,1
0.66200292874,1
0.707354312986,1
0.624571609019,1
0.728355753187,0
0.740391070599,0
0.777748135602,1
0.45158355172,1
0.535753052419,0
0.520186950017,0
0.582345165068,1
0.717494066182,1
0.713998941747,0
0.91434959276,1
0.684176095854,1
0.531806075627,0
0.593750680844,1
0.820668301604,1
0.992904776014,1
0.451864585438,1
0.360697270126,0
0.476745780764,1
0.863404924246,1
0.572639154897,1
0.494941003294,0
0.672415768724,0
0.72042769633,1
0.751685311191,1
0.500897626984,0
0.470614973166,1
0.809676729973,1
0.588819424469,1
0.723811997725,1
0.751319593794,0
0.658514544668,0
0.555504189871,1
0.571080436083,1
0.80609679778,1
0.761845503613,1
0.659821458143,1
0.969177826401,1
0.518441414121,0
0.683868444385,1
0.518221606943,0
0.877021512911,1
0.710603142561,1
0.70043090982,1
0.539180764349,0
0.739508613556,1
0.249019461033,1
0.940506323808,1
0.859397979595,1
0.766551751214,1
0.807041566692,1
0.556738213177,1
0.654639715608,1
0.83450480366,1
0.453623158023,1
0.466589655974,1
0.842228176798,1
0.472533203268,0
0.866842173981,1
0.738344778497,1
0.570902955589,0
0.736930346981,1
0.783459858099,0
0.89537860838,1
0.398193778417,1
0.800815080282,1
0.910019307681,1
0.818598850153,1
0.858488205508,0
0.387022394237,0
0.830029721302,1
0.662050956271,1
0.759506176115,1
0.286104513669,0
0.60151444052,1
0.727805330348,0
0.638314713246,1
0.665639793591,1
0.370045499371,1
0.641862558455,0
0.811146705497,1
0.729333483594,1
0.508569522242,1
0.544456790612,1
0.698570189742,1
0.754060221108,0
0.890641378794,1
0.658456761442,0
0.806445920743,1
0.207173893976,0
0.917548207376,1
0.700936355907,1
0.775299308695,1
0.596103561869,1
0.694742185031,0
0.8397548288,0
0.832989054213,1
0.702216116821,1
0.630582537031,1
0.851984938821,1
0.620016988696,1
0.343282727129,0
0.641338000066,1
0.456487507293,0
0.819452758602,1
0.485570856989,1
0.87132814803,1
0.519533341637,0
0.33144600226,1
0.789196968889,1
0.697407587783,1
0.8228080611,0
0.611661269846,1
0.580395719152,0
0.823639500078,1
0.671678720976,0
0.364927349291,1
0.757732498798,0
0.648155747691,0
0.70048362358,1
0.709403998762,1
0.124777220549,0
0.704171576359,0
0.89794309224,1
0.861034959616,1
0.699523496979,0
0.816707310955,1
0.996149872082,1
0.910351235688,1
0.461501454537,1
0.559072733798,1
0.354650178489,1
0.740282839953,1
0.573913444926,0
0.0623696651042,0
0.809819873279,0
0.349555692764,0
0.52334008594,0
0.549241583222,0
0.426478649832,1
0.46649183701,1
0.68181169062,1
0.225804866201,0
0.604955477826,1
0.818615290067,1
0.404468683544,0
0.772163965081,0
0.827966823764,0
0.525353435304,0
0.728494028135,1
0.672224602439,0
0.774995838245,1
0.687784757251,1
0.82351334528,1
0.667598328668,1
0.485110036489,0
0.721302228583,1
0.751928565903,1
0.924403946757,1
0.862077691036,1
0.558208548587,0
0.682129950634,1
0.673187746675,1
0.750254431416,1
0.849695273852,1
0.932299582801,1
0.711727139454,1
0.868702609276,1
0.285387845853,0
0.545920876776,1
0.0650575498893,0
0.850446055578,1
0.541126990777,1
0.0687860261476,0
1.0,1
0.717036116385,0
0.543963690055,1
0.650370403777,1
0.466477470486,1
0.539784976099,1
0.443714294728,0
0.490232876145,0
0.745828041894,1
0.678055489874,1
0.884688802045,1
0.446270494748,1
0.878530794693,1
0.307227977078,0
0.511660798578,0
0.455779727225,0
0.768683823086,0
0.755408799846,1
0.872069980328,1
0.721903113416,1
0.676825820476,1
0.564738676251,1
0.685458112443,0
0.361669380884,1
0.781199095526,0
0.299109598585,0
0.658378140198,1
0.659939704682,1
0.659899240416,1
0.574688997859,0
0.516818486904,1
0.850658161482,1
0.559979818155,1
0.621049487789,1
0.959753775277,1
0.458267677124,1
0.704644525752,0
0.506910443339,1
0.872479970347,1
0.643047254651,1
0.194734281198,0
0.590164344819,1
0.949941718083,1
0.611335127228,0
0.589548625567,1
0.745436534153,1
0.763945460949,0
0.815844450989,1
0.411928451759,1
0.59205616736,1
0.75159371863,1
0.847539279143,1
0.522865894265,0
0.682465917416,0
0.847411374586,1
0.96112237093,1
0.874216310584,1
0.605402352619,1
0.329738392107,0
0.750130953653,1
0.797985597756,0
0.673405131207,0
0.860984363308,1
0.621717544073,1
0.560878276075,0
0.797160612772,1
0.900435001201,1
0.420279526495,0
0.718356478213,1
0.682913415553,1
0.771497923372,1
0.935402381329,1
0.57005469435,1
0.507496412388,0
0.483848533422,1
0.624714976462,1
0.816009734749,1
0.683782046257,0
0.543680342889,0
0.429362338543,1
0.565209496255,0
0.478457499191,0
0.839665845659,0
0.716731958284,1
0.476054159863,0
0.833250622229,1
0.965065864868,0
0.850577890238,1
0.767125653454,0
0.452225458087,0
0.65357801546,1
0.854883457245,1
0.961442997455,1
0.331451913493,1
0.636707735784,1
0.95041138013,1
0.573308550317,1
0.261263987054,0
0.346854753447,0
0.718842613179,1
0.848334369857,1
0.651303023839,0
0.435170825331,0
0.474231472858,0
0.771681171519,1
0.226901423099,0
0.72946634224,1
0.893606025668,1
0.791123989809,1
0.523912266125,1
0.795085035345,1
0.660654790274,1
0.507735327658,0
0.640910552809,1
0.399802864899,0
0.833062515344,1
0.740332898995,1
0.658431773958,1
0.453781629797,1
0.793409732988,1
0.58904015804,0
0.801189264292,1
0.830851655746,0
0.662815338538,1
0.794440766163,1
0.461065830452,0
0.87388770527,1
0.640640026246,1
0.74324105921,1
0.786492743164,1
0.412762776382,0
0.721394402307,1
0.684875826308,1
0.744931649153,0
0.737905578995,1
0.762526311544,0
0.662682780144,0
0.787259349458,1
0.399380212492,1
0.727236857332,1
0.256154414703,0
0.553567304414,1
0.339066876304,1
0.525868121312,1
0.375756063849,1
0.570463236888,1
0.747744256538,0
0.506041782702,1
0.763503925188,1
0.308450689751,1
0.766071158759,1
0.893037031924,1
0.855172747172,1
0.719315359682,1
0.894678666929,1
0.541679418462,0
0.561762363332,1
0.75600839876,1
0.699959426584,0
0.7815505141,0
0.623370321022,0
0.485295596043,1
0.835842761067,1
0.478842948567,1
1.0,1
0.683230729651,1
0.936188122683,1
0.603556933261,0
0.819483036116,1
0.612535745068,0
0.714352987518,1
0.966135949222,1
0.837322395412,1
0.360460040343,0
0.758565433223,0
0.954879111929,1
0.624571609019,1
0.652006506255,0
0.197382091672,1
0.530911801138,0
0.580249935741,0
0.264559948961,0
0.908837497117,1
0.550781103478,0
0.370383212373,0
0.649906359683,1
0.668532912526,1
0.454648099113,0
0.880306310942,1
0.892731125153,1
0.602136976177,1
0.778374184658,1
0.573711116534,1
0.482030893351,1
0.782310639175,1
0.79440620856,1
0.537719892742,1
0.727165274377,1
0.55897265019,0
0.409951245828,1
0.831244824812,1
0.73489848511,1
0.57978044409,0
0.622401652089,1
0.230471109344,0
0.611304989409,0
0.595394984428,1
0.515807261039,1
0.659720364622,1
0.344552395238,1
0.446556355026,1
0.468131236334,1
0.642550358556,0
0.721261295174,0
0.846344609247,1
0.472031568562,1
0.960402380686,1
0.54300700599,1
0.803857347323,1
0.709903437955,0
0.657953203297,1
0.728509370567,1
0.26330129789,1
0.824555931148,1
0.176682911456,0
0.743817343642,1
0.411198525777,1
0.912735934565,1
0.783269604322,1
0.511081822049,1
0.661815065053,1
0.666852999189,0
0.385733780245,1
0.62435277421,1
0.630078965431,1
0.490498233858,0
0.884906856977,1
0.446460866437,0
0.325050563863,0
0.530546901178,1
0.431654514727,0
0.533657751012,1
0.911132806462,1
0.596470417041,1
0.832996999017,1
0.719779424946,1
0.928394761318,1
0.725223393821,0
0.580934291133,1
0.856540943799,1
0.761130595211,1
0.723433174468,1
0.153031867528,0
0.331544980373,0
0.478528641019,1
0.78738436206,1
0.83708736955,1
0.192811844123,0
0.564759062075,1
0.727380985723,0
0.69953545598,0
0.902827204951,1
0.738761694975,1
0.78255497207,1
0.537976167682,0
0.528865862978,0
0.427553837197,0
0.865560212436,1
0.781457778376,1
0.48992046262,0
0.397785356715,0
0.612972550959,0
0.713738303945,1
0.517477481951,1
0.933996165071,1
0.540562746144,1
0.833493189929,0
0.632709335769,1
0.860921041906,1
0.563989248936,1
0.790224966376,1
0.516410903904,1
0.757345890527,1
0.718074932742,1
0.419259972043,1
0.859805904395,1
0.795718369027,1
0.481395042312,1
0.338990007539,0
0.673426448426,0
0.96248824223,1
0.825040277738,1
0.840936548878,0
0.90147102909,0
1.0,1
0.765665622978,1
0.649068391715,0
0.36100441633,0
0.401561615262,1
0.895347719583,1
0.733089018766,1
0.892267417187,1
0.745479686737,1
0.478877899405,0
0.249755921647,1
0.90320157288,1
0.885204384392,0
0.500596028828,0
0.769530640747,0
0.573193686997,0
0.772084927538,0
0.565790050308,1
0.303578341154,0
0.738816760383,0
0.597678301963,0
0.421873377439,1
0.705672343311,0
0.51167980936,0
0.699969421195,1
0.811000890084,0
0.930261136171,1
0.488978721428,1
0.587182043063,1
0.635943731268,0
0.719930989231,1
0.326050544919,0
0.545923921747,0
0.521908202615,1
0.759891742433,1
0.776260575488,1
0.731756777981,0
0.731542193537,1
0.700007429162,1
0.659308279073,1
0.309761953909,1
0.305104284407,0
0.545968484942,1
0.0636445802402,0
0.500659261018,1
0.834639283589,0
0.813457164285,1
0.569929571045,1
0.734472358115,1
0.700521266204,1
0.424890079295,0
0.690496468329,1
0.550768042983,0
0.805951808098,1
0.544220801149,1
0.914175496143,1
0.91422413265,1
0.0860765128413,0
0.85226343258,1
0.872345946042,1
0.741607307285,0
0.895209614445,1
0.68355174864,1
0.480965523558,1
0.715245828895,0
0.746399196978,1
0.703192494993,1
0.639820264091,1
0.681815563211,1
0.891401825469,1
0.729366210125,1
0.513231536424,0
0.717782721656,1
0.482251560915,1
0.763989830522,0
0.441971442896,0
0.779159363035,1
0.587156586259,0
0.676641820676,1
0.63424291424,1
0.205436521597,0
0.506109865275,0
0.749073449581,0
0.338185201891,0
0.743503375901,0
0.480304258887,1
0.743539452407,1
0.614828058466,1
0.609298537631,1
0.989598441509,1
0.861876940736,1
0.726650002681,1
0.862909662272,1
0.654911893837,0
0.469387412914,1
0.940080145036,1
0.614722039389,1
0.833754898528,0
0.684363718569,1
0.815173516421,1
0.768740969816,1
0.475334621581,1
0.653436084564,1
0.656546443964,1
0.899526314501,1
0.938475881871,1
0.917814783927,1
0.766757831991,1
0.877638670957,1
0.705208066676,1
0.665928426259,0
0.638107692559,0
0.767130811051,1
0.591431975015,0
0.738144981463,1
0.533328636966,1
0.28641763912,1
0.328823877355,0
0.779162096609,1
0.675576378269,0
0.805455701101,1
0.431998762923,0
0.421922677245,0
0.45729910431,0
0.428579703675,0
0.724401036225,0
0.955877320669,1
0.447044507142,1
0.535358264748,1
0.310159604566,0
0.74644997587,0
0.463246096515,0
0.897314539246,1
0.387285770022,0
0.593032657069,0
0.636429348509,1
0.58484226751,1
0.64422183816,0
0.692370011107,1
0.916101211049,1
0.859475914843,0
0.437374390501,1
0.548944023915,0
0.281078390299,0
0.75328290666,0
0.90363653373,1
0.836237062256,1
0.865773606724,1
0.692862777575,0
0.961128464681,1
0.534406413187,1
0.83662440303,1
0.542457540248,0
0.639988357398,1
0.900231306014,0
0.833894750654,1
0.724252658004,1
0.728492215753,1
0.800018851286,1
0.561369780803,1
0.559088245981,1
0.820238461502,0
0.954307830071,1
0.461775799375,0
0.635659514993,1
0.654449934639,1
0.910239400312,1
0.863766907816,1
0.899966210526,1
0.750940846688,1
0.632741327756,0
0.707839593892,1
0.695760349562,1
0.0674681463077,0
0.596555454203,1
0.700907412936,1
0.313233403427,1
0.850472827391,1
0.698323902939,0
0.458767239041,0
0.877205214472,1
0.649416423485,1
0.717931739984,1
0.731973287839,1
0.844574664763,1
0.744897091866,1
0.724438011469,1
0.875702377067,1
0.863271327715,1
0.718326954074,0
0.723543498285,1
0.587769545273,1
0.524006593671,0
0.639264223313,0
0.618294989462,1
0.565826299055,0
0.605148998416,0
0.628569107401,1
0.602323483285,0
0.39963754918,1
0.899961009493,1
0.784828687584,1
0.818555028236,1
0.592847778131,1
0.618197272554,0
0.810559023087,1
0.426520725901,1
0.201129833056,0
0.837356007595,1
0.890190696299,1
0.613299531274,1
0.861455252802,0
0.367763970317,1
0.925963163199,1
0.578786351179,0
0.636570697379,1
0.934112103151,1
0.307763034803,0
0.36120783208,0
0.72552862224,1
0.814275332932,1
0.857177454344,1
0.335344194082,1
0.711433141185,1
0.740723764017,1
0.773708974262,1
0.442966482003,0
0.764641210591,1
0.488437212356,0
0.216962281931,0
0.72619870774,1
0.676180441918,0
0.94538643622,1
0.769357816609,1
0.596969088074,0
0.79613785393,1
0.383889840653,1
0.404124296534,0
0.749102103029,1
0.371395750449,0
0.554063111436,0
0.37030357176,0
0.881961179386,1
0.77239664014,1
0.230321120486,0
0.971910916655,1
0.135018045802,0
0.534761368962,0
0.656219743137,0
0.734441939045,0
0.589145727089,1
0.752851164238,0
0.431606369028,0
0.592986225827,1
0.443692733386,1
0.382417139171,1
0.532580171101,0
0.795972320712,1
0.389131915144,0
0.415670105733,0
0.264052769787,0
0.794207968324,1
0.79010405953,0
0.817095413341,1
0.456885650636,1
0.381320065179,0
0.961417767137,1
0.646807204637,0
0.517357636726,1
0.726763812375,1
0.68625038336,1
0.310573956028,1
0.436590018147,0
0.828163331377,1
0.409430570833,1
0.96350340159,1
0.284898798819,1
0.708256693241,0
0.663150960565,1
0.80896612266,1
0.197526912413,1
0.607044037165,1
0.121453557427,0
0.812885325778,1
0.73561240493,1
0.581481167783,1
0.646535883661,0
0.606127637558,0
0.326375774028,1
0.70984802139,1
0.794451674604,1
0.772355254237,1
0.455250411747,0
0.751803326402,1
0.4274552604,0
0.275780255094,1
0.469698274463,1
0.879369712906,1
0.437980726922,0
0.851406928335,1
0.71262030757,0
0.836939198211,1
0.792797603774,0
0.644501171441,1
0.211694599205,0
0.69276395326,1
0.318184650677,0
0.719643736759,1
0.921639990027,1
0.182962353673,0
0.827233484074,0
0.425652938775,1
0.602939165712,0
0.761635185187,1
0.754977462447,0
0.71764618033,0
0.711797911814,1
0.953210550394,1
0.57735653073,1
0.999777546548,1
0.743322276935,1
0.61104052812,1
0.567793061906,1
0.288220486632,0
0.790526385518,1
0.869447100221,1
0.697443446185,1
0.678958094383,1
0.719500415093,1
0.783248041406,1
0.358289091714,0
0.734439103576,1
0.787336911479,0
0.753807004188,1
0.529310082294,1
0.6288389155,1
0.581889333091,0
0.57988291975,0
0.756355196567,1
0.642109311461,1
0.636894079598,1
0.583127336283,1
0.604806905784,1
0.58369454762,1
0.305141976385,0
0.342383683562,1
0.0726335419355,0
0.833615497304,0
0.839488809554,0
0.453371081198,1
0.530653726773,1
0.992972551648,1
0.394864586898,0
0.612261308206,1
0.873199532236,1
0.332413059608,0
0.919382073542,1
0.65991504542,1
0.607890708176,1
0.576588461303,1
0.520570495068,1
0.773905922636,0
0.402999446371,1
0.437813041358,0
0.46105441973,0
0.660843466314,1
0.956389642692,1
0.409765208003,0
0.685961134042,0
0.706223683177,0
0.48638622098,1
0.204756749796,0
0.672152649452,1
0.303021332823,0
0.248711754771,1
0.628550966834,1
0.705038400441,1
0.54021814454,0
0.65192516479,1
0.459692277005,1
0.75464979242,1
0.772829181708,1
0.481477959732,1
0.7993494091,1
0.450602324752,1
1.0,1
0.568587176519,1
0.774148126685,1
0.530435805976,0
0.624702667967,1
0.744734422742,1
0.571267788661,1
0.687343134379,1
0.303926662949,0
0.900304551542,1
0.822942559306,1
0.579603778251,0
0.606054585281,0
0.749450631293,1
0.670400900471,0
0.543472637967,0
0.526949183238,0
0.817518344787,1
0.796315816545,0
0.234248151135,0
0.557188967746,0
0.633772784436,1
0.564754749137,1
0.69186504332,0
0.667596038759,1
0.408527339714,0
0.697009312613,0
0.918073303124,1
0.631937662725,1
0.908668930265,1
0.354589009063,1
0.270832596458,0
0.293406099813,0
0.354570186272,0
0.60621645574,1
0.907663195831,1
0.738543142303,1
0.309999249031,1
0.655748143942,1
0.15928434912,0
0.434085173357,1
0.549281052757,1
0.655314080305,0
0.808716107947,1
0.668688783871,1
0.53627389557,0
0.62024737791,1
0.779097963493,1
0.760770994952,1
0.582782986799,1
0.950185706014,1
0.620286128744,1
0.945150237699,1
0.837091988901,1
0.543375669837,1
0.741916900988,0
0.598712322771,0
0.785790166595,1
0.28562126641,0
0.642287573731,1
0.821718044787,1
0.801294631502,1
0.489146276716,1
0.544240488082,0
0.845784828527,1
0.86376398221,0
0.0852323664733,0
0.551242616184,1
0.4235618546,1
0.774340033314,1
0.654827745284,1
0.657146054327,0
0.368409946114,0
0.90975019265,1
0.511705789702,0
0.740065339249,0
0.563816307198,0
0.910152767756,1
0.841025475163,1
0.439584488352,1
0.199502366092,1
0.740816744824,1
0.963124241126,1
0.787071925307,1
0.403758167876,0
0.778574445868,1
0.893438003988,1
0.650552381414,0
0.828559329963,1
0.577208534168,1
0.590459822849,1
0.397676422445,0
0.843620534373,1
0.925480493304,1
0.679143524261,1
0.596530687199,0
0.519001218949,1
0.589314075384,1
0.494379297665,1
0.790445138909,1
0.58057566109,1
0.936215876928,1
0.61610114175,1
0.705371911639,1
0.179526617762,1
0.467394043209,0
0.653593943414,1
0.687937542307,1
0.830790061127,1
0.719313772687,1
0.61971901602,0
0.326074009966,0
0.502827405012,0
0.919962189391,1
0.651162681916,1
0.505346371346,0
0.769369156607,1
0.412794416352,0
0.584969135442,0
0.900628697393,1
0.835525578974,1
0.642148267679,1
0.44193704475,0
0.396095785872,0
0.443571262028,1
0.389275846858,1
0.645923216532,1
0.618356715613,0
0.441658872884,0
0.720735190789,0
0.739201962325,1
0.825837241097,1
0.539244043148,0
0.654922818497,1
0.828366829676,1
0.471033591466,1
0.582379925844,0
0.80281834921,1
0.62939671266,1
0.497805875409,0
0.509883257962,0
1.0,1
0.661302462404,1
0.409603799278,1
0.41622931949,1
0.674707809828,0
0.740170739736,1
0.457489183843,0
0.801654211866,1
0.589248889384,1
0.863340270166,1
0.595437243314,0
0.723073277892,1
0.363921267146,1
0.794057966848,1
0.765072691011,1
0.782978338266,1
0.751287360804,1
0.432617440519,1
0.726602981311,1
0.621462818645,0
0.791283902413,0
0.401517779599,1
0.481174201631,1
0.347708633581,0
0.586260084183,0
0.786389247987,0
0.593625624868,1
0.376080193929,0
0.538432115499,0
0.662519317307,0
0.169060497432,1
0.673625237986,1
0.659258484063,1
0.582387214762,0
0.756751925597,1
0.363612239523,0
0.82754671291,1
0.704392623116,1
0.337578883578,1
0.774924518408,1
0.882838117232,1
0.849365119916,0
0.655163640141,1
0.722264976033,0
0.403858487056,1
0.479883933219,1
0.5835409488,0
0.695683933711,0
0.679352679323,1
0.822971590408,1
0.631937662725,1
0.637519532084,1
0.898772841896,1
0.645143295097,1
0.655456729674,1
0.515749197189,0
0.839147153434,1
0.416866257767,1
0.751121168302,1
0.24137616233,0
0.580902915363,0
0.850327377766,0
0.887129203342,1
0.769348428008,1
0.974085818427,1
0.792361518598,0
0.347476145924,0
0.655425403427,1
0.748678169778,1
0.469292771949,1
0.563789891268,1
0.564372335793,1
0.803511367862,0
0.722795126929,1
0.661262260353,0
0.790010133816,1
0.737280257179,1
0.603969434887,0
0.287329650201,0
0.746750632271,1
0.803049706433,1
0.818761022048,1
0.684904456715,1
0.384684008115,1
0.726238248334,0
0.565068204569,1
0.906386581242,0
0.406934577691,0
0.593961976861,1
0.998876252536,1
0.976430938441,1
0.510327113171,1
0.627053216677,1
0.818994109153,1
0.86275309688,1
0.803849930166,1
0.740246067109,1
0.359556795784,0
0.703868522264,1
0.469895574586,0
0.546845921777,1
0.859528993383,1
0.69815167988,1
0.457615014219,0
0.785492038022,1
0.663527559905,1
0.694691860908,0
0.523596871566,0
0.431095612535,1
0.676975824308,1
0.855150079175,1
0.715595146305,1
0.757412721106,1
0.253634650118,1
0.596028596925,1
0.512967667027,0
0.629445903052,1
0.691770506334,1
0.25940721911,0
0.798364347294,0
0.674113524889,1
0.738348727926,1
0.58817673753,1
0.34257213979,0
0.798471396226,1
0.966733233474,1
0.545883925722,1
0.784956610221,1
0.938921979448,1
0.578404934558,1
0.740321215129,1
0.520541223641,1
0.600946480831,0
0.629186888346,1
0.46542484108,0
0.821352295732,1
0.932609735934,1
0.561314208673,0
0.828977001541,1
0.224200130518,1
0.83927751093,1
0.902821931759,1
0.748076531581,0
0.624070596876,0
0.612267556033,0
0.932768015154,1
0.7673404786,1
0.51554627284,0
0.547507072963,0
0.606193143954,1
0.298254890085,0
0.830724723167,1
0.708194192893,1
0.349680548129,0
0.757583418884,0
0.567357378545,1
0.919188207615,1
0.740004808817,1
0.464511559067,1
0.786365207373,1
0.641515348766,1
0.645772632627,0
0.707660674443,0
0.756612214476,0
0.0601612112761,0
0.891806077404,1
0.333669311718,0
0.733963938573,0
0.608441083806,1
0.274857630469,1
0.433060787565,0
0.877920191902,1
0.916047052598,1
0.648510572409,1
0.724681249215,1
0.482733659397,1
0.525885412188,0
0.908159367557,1
0.864318598465,1
0.584263608547,1
0.371180432071,0
0.752313675346,1
0.422485622156,0
0.659457095592,0
0.943331553807,1
0.675958747132,1
0.943449856823,1
0.65140687871,1
0.864201008781,1
0.906678416981,1
0.886877052752,1
0.55918459233,1
0.243002209785,0
0.886829583102,1
0.533972174976,0
0.676692178738,0
0.112567487529,1
0.397710327487,1
0.513671115406,0
0.854087769968,1
0.771275524908,1
0.561620354437,1
0.343733000688,1
0.709685304995,0
0.554562845489,1
0.425800576558,1
0.7091811436,1
0.747211303788,1
0.612646356903,0
0.857157184954,1
0.394938378072,1
0.426865532897,1
0.95829631292,1
0.691336248527,1
0.873744391132,0
0.79646802038,1
0.58895581415,0
0.536885229038,0
0.505788038098,0
0.370446622657,0
0.652247950529,1
0.40497966525,0
0.47402161785,0
0.357238270516,1
0.919578604288,1
0.267934726629,1
0.511319466227,0
0.504745929222,1
0.741921501951,1
0.635415307663,1
0.731327845341,1
0.745698783367,0
0.560714581504,0
0.48853054559,0
0.646333908564,1
0.696632609813,0
0.640816820871,1
0.848456579633,1
0.722110202057,0
0.619221087268,1
0.28517653924,0
0.906388480822,0
0.452967541198,0
0.551144635949,0
0.582024438745,1
0.176696861574,0
0.662257646753,0
0.753818225803,0
0.760076121336,1
0.446667376682,0
0.559370778463,1
0.537306782542,0
0.546671940425,0
0.735616202245,1
0.514308729111,1
0.729162257864,1
0.659610377748,1
0.613306288255,1
0.36662065078,1
0.627952962804,1
0.303667269822,1
0.887357809814,1
0.693941026043,0
0.932417403743,1
0.724460701326,1
0.78807571859,1
0.833726144433,1
0.59216989065,0
0.441379139599,1
0.711350397198,0
0.930554169447,1
0.616741547542,0
0.760962528796,1
0.829650321748,1
0.958326761619,1
0.760834362472,1
0.765639176275,1
0.774088413286,1
0.508425786973,1
0.69934283092,1
0.948617457931,1
0.927418318792,1
0.687340504975,1
0.779653458027,1
0.849505952104,1
0.926555381767,1
0.678519997978,1
0.712458199568,1
0.728726579064,0
0.875032723695,0
0.560447833208,1
0.553507477693,1
0.521259866881,1
0.868055427318,1
0.561307854755,0
0.81279238356,1
0.458339487811,1
0.680412574724,1
0.708297310058,1
0.768401880102,1
0.392255687447,0
0.940150656327,1
0.408594804719,0
0.603483436357,1
0.890726650953,1
0.573349794462,0
0.929033234817,1
0.462343992604,0
0.647967254654,0
0.0851294023908,1
0.449634591013,0
0.576798651623,1
1.0,1
0.338673353102,0
0.651252747656,0
0.769177047791,1
0.614527873733,0
0.482284524329,0
0.973034035755,1
0.743085591246,1
0.4505840344,0
0.399692973348,0
0.856144371466,1
0.919443330959,1
0.860424252502,1
0.618684148899,1
0.632550805993,0
0.704976170562,0
0.191513087123,0
0.203654803929,0
0.517255383287,1
0.753011254603,1
0.714449014004,0
0.453571271621,0
0.868207662151,1
0.825064889655,0
0.927689795007,1
0.819927838056,0
0.454502876033,0
0.657205360379,0
0.725655706009,1
0.654077212782,1
0.77360049949,1
0.734866353213,1
0.630535266136,0
0.71968761304,1
0.582385803189,1
0.795526260256,1
0.111719461104,0
0.777649751657,0
0.702501156661,1
0.501901130048,0
0.658528592651,0
0.440129625554,0
0.926771486302,1
0.254780341171,0
0.580849799026,1
0.601024309759,0
0.60538059024,1
0.622784133949,1
0.52082934556,0
0.625852705698,1
0.462527415044,0
0.763659809606,1
0.681447894362,1
0.924764257334,1
0.589239519479,1
0.434808920112,0
0.634341207569,1
0.381907678001,1
0.986894941627,1
0.997520541167,1
0.774006201776,1
0.382886008354,1
0.570914963553,1
0.897557619368,1
0.817294124076,1
0.878787361538,1
0.625641734786,1
0.0907515887501,0
0.421525332425,0
0.808849995152,1
0.643028328167,1
0.538120516016,1
0.295778170124,0
0.533353160781,1
0.635046512908,0
0.262122825585,0
0.587598461283,0
0.675737887173,1
0.342558833266,0
0.692271424387,1
0.828740773655,1
0.543190076693,0
0.606424682743,1
0.874210979804,1
0.468211559269,0
0.809186054672,1
0.877815471215,1
0.614001748624,1
0.750550184875,1
0.653087104664,1
0.593035196007,0
0.501965686046,1
0.347641864067,0
0.795993577607,1
0.672606370173,1
0.649459738163,1
0.38427278717,0
0.871997027173,1
0.563022177096,0
0.766217631428,1
0.985680550179,1
0.751226483964,1
0.633190331307,1
0.483824733856,0
0.599096557607,1
0.210132059455,1
0.725369074651,0
0.637828779745,0
0.531920367786,0
0.969216477678,1
0.917495814294,1
0.697035560698,0
0.454056317036,1
0.624636790271,1
0.768088270602,1
0.781502578342,0
0.860128580721,1
0.646081690312,1
0.742450619772,1
0.17954135793,0
0.844706720803,1
0.779194180168,1
0.405604992079,0
0.787983230562,0
0.765603540074,1
0.883912262722,0
0.743311072911,1
0.64372150427,0
0.744208093184,0
0.47821498895,1
0.552205287415,0
0.804221814672,0
0.626954447963,0
0.290323930187,0
0.818833043138,1
0.804981853403,0
0.832533943709,1
0.899849705337,1
0.743030536026,1
0.106512923433,0
0.487326797076,0
0.83812578006,1
0.897368414901,1
0.801377319021,1
0.746150291671,1
0.835399979774,1
0.767208590492,1
0.609544523346,0
0.790261891811,1
0.990782348425,1
0.612474894131,1
0.544022543194,1
0.599007455329,0
0.599770919083,1
0.80897433669,1
0.808020658123,0
0.710925939401,1
0.456119505193,0
0.495413953049,0
0.654277188455,0
0.877539546226,1
0.474418303137,1
0.703482678363,0
0.714079877921,1
0.867787350539,1
0.857953499243,1
0.575716056083,1
0.732777764336,1
0.638284263832,1
0.794304403865,1
0.694892972113,1
0.674624741003,1
0.548334778497,1
0.480224001187,0
0.752605621508,1
0.549993828683,1
0.746802474064,1
0.54769343181,0
0.788278644462,1
0.740246067109,1
0.625851183255,1
0.815031143692,1
0.938982388209,1
0.383721209917,0
0.648345893089,1
0.709133118148,0
0.472781410607,1
0.634610849255,1
0.895639258508,1
0.758384629302,1
0.825558552797,1
0.612867431556,1
0.558832034591,0
0.795317996218,1
0.761811904324,1
0.502486459418,1
0.325826123188,1
0.46281513995,1
0.853298812504,0
0.615200853662,0
0.78466102628,1
0.528110052771,0
0.404427939615,1
0.62581942983,0
0.741130297871,0
0.862940815229,0
0.898529496008,1
0.596422164319,1
0.488005704848,1
0.350941417932,0
0.649150146018,0
0.549690858908,1
0.503549875857,1
0.704792371813,1
0.932823764024,1
0.576566874867,0
0.48931974654,1
0.901882191932,1
0.42071462543,1
0.771300654218,1
0.337846939935,0
0.438165038525,1
0.847071609146,1
0.766990694026,1
0.888357359772,1
0.77487286715,1
0.879986183373,1
0.287643511022,1
0.411110214459,0
0.252684221061,0
0.811824865928,1
0.823251016231,1
0.470315624739,1
0.805041445801,1
0.813305206691,1
0.687937542307,1
0.755760070889,1
0.419231663582,0
0.0705182018423,0
0.781105758668,0
0.61876908707,1
0.818169877413,1
0.526053518089,1
0.945209218515,1
0.672074685893,0
0.580234745479,1
0.767856766271,1
0.984495184703,1
0.843079137774,1
0.74585003821,1
0.707682993446,1
0.799549986348,1
0.903920841259,1
0.832375080013,1
0.651173520744,0
0.362915935236,0
0.87724436667,1
0.599006940786,1
0.511683685858,1
0.644631723347,0
0.867931510864,1
0.823144608776,0
0.686071000598,0
0.845016483528,1
0.731313994704,1
0.731746721831,0
0.605892789853,0
0.684606923265,1
0.694900576662,1
0.471499198113,0
0.670922521804,1
0.737637717927,0
0.10603655064,0
0.546140886846,0
0.632684637053,1
0.824423150176,1
0.0589564545306,0
0.696044967061,1
0.749983411136,1
0.58500208961,0
0.857132956868,1
0.624785589281,1
0.482449280009,1
0.513561175523,1
0.612051674691,1
0.816505255494,1
0.773433296925,1
0.471563368016,1
0.514059410537,0
0.575740477753,0
0.770107534848,1
0.496410363146,0
0.195371091538,0
0.431703356516,1
0.722334434771,0
0.786573075741,1
0.517621169639,1
0.5998350368,1
0.49334824432,0
0.55970396152,1
0.574349461495,1
0.567419296316,1
0.39557921119,0
0.73946740357,1
0.761490830863,1
0.437899932561,0
0.480361379105,1
0.730050655538,0
0.578349056951,0
0.616780843951,1
0.664004659229,1
0.483310913969,0
0.650332541134,0
0.535514605741,0
0.474764430087,1
1.0,1
0.493221857914,1
0.968433602729,1
0.535028860239,1
0.0776367105093,0
0.33411927062,0
0.633623523938,0
0.376224821268,1
0.443086361547,0
0.89256290483,1
0.629303776432,0
0.846751195281,1
0.669125897361,0
0.7010293286,0
0.618747433256,1
0.691113403606,1
0.562372270584,1
0.347079841208,0
0.889765037894,1
0.623013421087,1
0.626864203698,1
0.757999368955,1
0.804827076452,1
0.563910052478,1
0.903339042193,1
0.681665545847,1
0.656488401111,1
0.832743608004,1
0.828121308489,1
0.745096773697,1
0.393844596211,1
0.691877898478,1
0.489840592808,1
0.498316775455,1
0.328344177519,0
0.47819945144,1
0.095970290896,0
0.771164603863,1
0.69186504332,0
0.77969851993,1
0.700072751862,1
0.444412848593,0
0.597114551833,1
0.725630978537,1
0.537275964233,0
0.929940694876,0
0.946197151414,1
0.47473470148,1
0.538448863162,0
0.507189777009,1
0.616690256318,1
0.54782772777,0
0.771022885226,1
0.0530470762104,0
0.487928609869,0
0.559156578302,1
0.708125447685,0
0.566691772245,0
0.458712684999,0
0.493974120129,1
0.738453748033,1
0.488096426049,0
0.833010315328,1
0.730951400371,0
0.50965966742,1
0.670499025292,1
0.843770437775,1
0.748849945304,1
0.611982420807,1
0.740775700291,0
0.894125285109,1
0.870420104921,1
0.810928994636,1
0.724773631459,1
0.418859885075,0
0.872040961183,1
0.518091259939,0
0.510539999298,0
0.610011803864,0
0.965022935112,1
0.450821832124,0
0.639820326624,1
0.758578114607,1
0.881018494184,1
0.476884726448,1
0.745641936128,0
0.699455121232,1
0.839775519638,1
0.843547216964,1
0.610425981047,1
0.799963209233,1
0.670118080326,0
0.578374632754,1
0.899324709916,1
0.82579795741,1
0.863263191447,0
1.0,1
0.553057627849,0
0.661156965428,1
0.855979081527,1
0.55201611313,0
0.19136948443,1
0.566504311616,1
0.438206017025,0
0.598693536271,1
0.560042248087,1
0.296887485785,1
0.523990337081,0
0.392301576612,0
0.390802143095,1
0.520538895847,0
0.475387286095,0
0.507597964169,1
0.639048113073,1
0.694176816287,0
0.633931527068,0
0.90357838859,1
0.451403175506,0
0.642522191322,0
0.888520579255,1
0.754058157985,1
0.98881451789,1
0.80991709675,0
0.249593992123,1
0.471694748274,0
0.0665433111776,0
0.803857300286,1
0.595114549052,1
0.514983394255,0
0.668470492551,1
0.604793470475,1
0.559581104911,1
0.592727693032,1
0.512573792773,1
0.671344558102,0
0.886750484877,1
0.645851571805,1
0.770764767198,1
0.953800674731,1
0.975432857407,1
0.790984219324,1
0.396020023739,1
0.815417523104,1
0.687761429711,1
0.643638977316,1
0.423168356536,1
0.805134759918,1
0.773625444712,1
0.790771451964,1
0.768585387069,0
0.383149373278,0
0.276149182092,1
0.746480925574,1
0.827089365704,1
0.463070119724,0
0.531817083818,0
0.238073035732,0
0.818176107453,1
0.705984135891,1
0.869178299419,0
0.832145188372,1
0.677517330618,1
0.987087648388,1
0.755558995315,1
0.591248038561,1
0.326851575579,0
0.606334806164,1
0.469925696681,0
0.863652195809,1
0.206104925555,0
0.578156833433,1
0.560356817789,0
0.692415228004,1
0.443522404117,0
0.887936087011,1
0.607497877904,0
0.290164266792,0
0.507252403031,0
0.614559730471,1
0.900477054266,1
0.757191506398,1
0.402812296589,0
0.620017215298,1
0.786065738445,1
0.493383964033,0
0.706273402538,1
0.699129403389,1
0.680188767454,0
0.881213749726,1
0.50814630247,0
0.166596347895,0
0.783503606002,1
0.208552314298,0
0.698154149542,1
0.407887384938,1
0.90068095565,1
0.287521030083,0
0.814916936792,1
0.850488328592,1
0.734316259072,1
0.316006251064,1
0.187040600836,0
0.813837623272,1
0.565235918466,1
0.322614546649,1
0.407276886721,1
0.990034071306,1
0.743954567912,1
0.639681658164,1
0.873124236065,1
0.458456522224,1
0.844308677781,1
0.714415898716,1
0.504205822782,0
0.65407815129,1
0.8380145138,1
0.763794582903,1
0.626992681256,0
0.687537342694,0
0.491987236479,1
0.921685846856,1
0.761610696671,0
0.828561053507,1
0.779993656898,1
0.508634037011,1
0.501658732911,0
0.707767788988,1
0.404427939615,1
0.664806254626,0
0.81518481955,0
0.924393261932,1
0.501053503614,0
0.998968586098,1
0.752138741511,0
0.66060905213,0
0.972248409039,1
0.463425370343,1
0.707099538594,1
0.40754200493,1
0.667521498117,1
0.769395058155,0
0.793264068922,0
0.845009781362,1
1.0,1
0.329185887827,0
0.673393366966,1
0.743143928991,0
0.406706467811,1
0.623558514147,1
0.669096516796,1
0.52317056424,0
0.581639977825,1
0.649140159325,1
0.685403871394,1
0.541797166143,0
0.508002621738,1
0.529177531208,0
0.790423161422,1
0.605293486185,0
0.486036986086,1
0.640285346885,1
0.716077543689,0
0.227136652136,0
0.679712517171,0
0.573783630482,1
0.0726335419355,0
0.959949783727,1
0.47987370413,1
0.80428845746,1
0.644381139988,0
0.457943961943,1
0.762959895191,0
0.320480154431,0
0.74307002865,1
0.811073312808,1
0.347139487874,0
0.745731031662,1
0.886435891371,1
0.496104483304,1
0.487875726175,1
0.535896245631,1
0.939210480728,1
0.826747959175,1
0.782115172208,1
0.622462149224,1
0.448955866803,1
0.447824917936,0
0.665277372595,1
0.520519191986,1
0.519607809533,0
0.590737911916,1
0.721953407548,1
0.526954829457,0
0.645096183105,0
0.906529572263,1
0.99492945075,1
0.548889126261,1
0.797874026132,1
0.637676281695,1
0.604171448204,1
0.651739816707,1
0.463898326617,1
0.736151394273,1
0.857464259564,1
0.628178790329,0
0.52127526269,1
0.923142215361,1
0.47117621183,0
0.829547776283,1
0.389983891759,0
0.601040282572,1
0.967594964391,1
0.797256800731,0
0.575909103057,1
0.527950070924,0
0.740972064043,0
0.821802518047,1
0.624296209085,1
0.599542873175,1
0.719332931921,1
0.771370964387,1
0.782338066924,1
0.544458261547,0
0.804524092371,1
0.593415246957,0
0.774362709246,1
0.853816408584,1
0.843290768054,1
0.666262139991,1
0.393573727675,1
0.844693200644,1
0.419282848309,0
0.820130626145,1
0.995354399814,1
0.515811759236,1
0.564377004163,0
0.805623707042,1
0.807359079789,1
0.423450918737,0
0.572956914881,1
0.858764987112,0
0.315459083821,1
0.880695390185,0
0.505440633363,1
0.421020913989,0
0.5260671132,1
0.460262741695,0
0.713031895757,1
0.651299622083,1
0.620456676248,0
0.892282441254,1
0.676518364812,1
0.473629222402,1
0.919687261623,1
0.861827593348,1
0.62214052269,1
0.619309193174,1
0.788081545917,1
0.479699471276,1
0.615869103359,0
0.525739628041,1
0.500165171554,0
0.702240319733,1
0.574537281935,0
0.817906189043,1
0.149951027663,1
0.783882512155,1
0.569869354279,1
0.467498005476,0
0.743783605493,1
0.704586204192,1
0.587719583961,1
0.584012987882,0
0.729247593342,1
0.289130021527,1
0.303621073994,0
0.340236500263,1
0.226587940727,1
0.417063664366,1
0.455237399767,1
0.434205080217,0
0.935839531624,1
0.544685618825,1
0.894062189478,1
0.458094019403,0
0.84212040809,1
0.729694046231,1
0.402200500284,0
0.0619258583338,0
0.802741816272,1
0.771896943619,1
0.739589238746,1
0.947542368925,1
0.804521958377,0
0.83203981014,1
0.671871238236,1
0.729932664504,0
0.870793719194,1
0.0861945148928,0
0.736633785133,1
0.826841803329,1
0.764949385819,1
0.394327024278,0
0.663685369619,0
0.826156533165,1
0.52442742129,0
0.675691834724,0
0.390960407292,1
0.542649475855,0
0.946161291137,1
0.71560206808,1
0.624896869531,1
0.570214089534,1
0.849247910905,1
0.603130556683,1
0.834813736855,1
0.893483753733,1
0.821311164219,1
0.830336634419,0
0.856981776873,1
0.535242712836,1
0.47542327584,1
0.646408357326,1
0.383839871419,0
0.847539477597,1
0.733903116574,1
0.80995675767,1
0.396516178345,0
0.770266104788,0
0.670454298976,1
0.596512715553,0
0.7772409586,1
0.775936012556,1
0.590188648157,1
0.774158546723,1
0.601981739965,1
0.516010947537,0
0.516106906839,1
0.533559591236,1
0.661960940046,0
0.91132436719,1
0.453841810465,1
0.907964950301,1
0.324762751574,1
0.745216134543,1
0.472043304695,0
0.825879582076,1
0.61932143312,0
0.834694092197,1
0.492219813423,1
0.867779255384,1
0.261758705845,0
0.738816760383,0
0.865147872622,1
0.737497258297,1
0.487871863482,0
0.61161593063,0
0.999172018218,1
0.590746940915,1
0.240762725204,1
0.433115186445,0
0.809494488609,1
0.522848480468,1
0.954111191827,1
0.785878943323,1
0.538704941122,0
0.476999151562,1
0.45944557547,0
0.731424953839,0
0.494918572075,1
0.595508140908,0
0.90139031815,1
0.74716341242,1
0.621223077429,1
0.567473709924,1
0.281021081541,0
0.783411500167,1
0.880416260418,1
0.679998137249,1
0.555928544852,1
0.584318456445,1
0.651576595583,1
0.329411824174,0
0.42663168299,1
0.509872533306,1
0.644444567931,1
0.717351130106,1
0.794973282028,1
0.66378131277,1
0.952308603785,1
0.78250986629,1
0.993435550779,1
0.8802207152,1
0.669752487057,0
0.622969403514,1
0.71986182119,1
0.562947781086,1
0.800563191346,1
0.547777730721,1
0.248100371141,0
0.871457998418,1
0.77517879295,1
0.584394007815,0
0.623178793649,1
0.602476123741,1
0.641933400824,1
0.508253379124,0
0.802841481259,1
0.430463002495,1
0.857473698908,1
0.648350117143,0
0.47861759231,0
0.604792762252,0
0.717151224453,0
0.540895808167,0
0.572756929447,0
0.521828028203,0
0.561463115345,1
0.436993625325,0
0.649978084706,1
0.762525035982,1
0.463926882776,0
0.238280224584,1
0.689263515891,1
0.16882979564,1
0.526532068376,0
0.730163880354,1
0.388639586569,1
0.834195530191,1
0.844756020189,1
0.610459680302,0
0.747318498594,1
0.622853635794,1
0.818068971484,1
1.0,1
0.81760073298,0
0.498469415641,0
0.240759765427,1
0.814636703953,1
0.83964842876,1
0.952789153925,1
0.763774758805,1
0.538273443807,1
0.557171708305,1
0.262082392264,0
0.482552889128,0
0.719957443127,1
0.57170873735,0
0.542772779772,0
0.484904568184,0
0.662257217538,1
0.433968003424,0
0.433539942768,0
0.837795986608,1
0.416592859081,1
0.870447256226,1
0.740034776694,0
0.539299779942,0
0.360396343527,0
0.358787600825,0
0.764048465433,1
0.471137042555,0
0.569713590451,1
0.872810113655,1
0.71218395488,1
0.85173600183,1
0.640629468386,1
0.472699314983,1
0.638591207158,1
0.812104151695,1
0.814285786629,1
0.316628051357,0
0.649723446629,1
0.721970385845,1
0.710019796904,1
0.947181786338,1
0.504226057918,0
0.26579663669,1
0.573618273749,1
0.424809441687,0
0.585554058548,1
0.678410070077,0
0.652030701047,0
0.478872727952,1
0.43276244143,1
0.677965701287,1
0.834767338848,0
0.612093113057,1
0.403878835333,1
0.643088823699,0
0.359906401658,1
0.496612771543,0
0.586472138832,0
0.61605090169,1
0.897112391522,1
0.54899647185,1
0.534253857961,0
0.675704420276,0
0.613713168438,1
0.494310405505,0
0.660743914325,1
0.43415750532,0
0.467602503411,1
0.36070562138,0
0.722370424238,0
0.868238095739,1
0.615701840955,0
0.360634086845,1
0.659528614288,0
0.777539619975,1
0.712596513803,1
0.84582566642,1
0.560815741291,1
0.467050728752,1
0.875843820903,1
0.853173188705,0
0.739173604711,1
0.453207168448,1
0.587135880744,0
0.473530736625,0
0.515405659749,0
0.596024638553,0
0.233701593115,0
0.774402921475,1
0.623156419507,1
0.716827908621,1
0.817566989001,1
0.357185638399,1
0.47612908661,0
0.563453015697,1
0.440290900888,1
0.279465022214,0
0.579594367413,0
0.478561176656,0
0.72114904134,1
0.340224369524,0
0.916006547442,1
0.453335444435,0
0.880256502111,1
0.626443671048,1
0.592493985483,1
0.74166610925,1
0.683375543301,1
0.420230023939,0
0.468319865961,0
0.530273307504,1
0.452350604997,0
0.602046157558,1
0.98138316201,1
0.732576813587,0
0.965518007552,1
0.971558459538,1
0.914193152725,1
0.269205689595,1
0.753957878791,0
0.278273198635,0
0.68732639611,0
0.465011459145,0
0.831756213169,1
0.689121624907,1
0.827729296413,1
0.781939029662,1
0.764380796253,0
0.679674611592,0
0.953202682993,1
0.793206229276,1
0.650507708719,1
0.496998139525,1
0.69258227714,1
0.599633363941,1
0.455683347215,0
0.491000363592,0
0.805197339933,0
0.412567571535,0
0.629714073053,1
0.956392780675,1
0.470964128899,1
0.654454569469,1
0.595343499453,0
0.617288888026,0
0.787108296453,0
0.128566991913,0
0.53593122435,1
0.624383474967,0
0.563502610311,0
0.64646125956,1
0.259231671056,0
0.944200971256,1
0.76119319212,1
0.988694503817,1
0.84260703997,1
0.425674675244,1
0.254368663742,0
0.644288416219,0
0.326913211724,0
0.839984772729,1
0.821620100941,1
0.485817558711,1
0.416419878047,1
0.724394660929,1
0.584851518398,1
0.500249641897,1
0.822314925029,1
0.667650898165,1
0.871902634139,1
0.132301957345,1
0.671459816502,1
0.627555121691,1
0.608110536256,0
0.240664936288,0
0.670663856187,1
0.258373297608,0
0.770869595907,0
0.934242505583,1
0.779458169407,1
0.480089275259,0
0.557081067038,1
0.430646887739,0
0.479791823491,1
0.72973311285,1
0.541803413266,0
0.981526418845,1
0.442879950152,1
0.697821390612,0
0.620870069819,1
0.410777015045,1
0.840017031049,1
0.780841225459,1
0.923383556131,1
0.644432749934,0
0.281704164634,0
0.889660784486,1
0.770770867731,1
0.733121747204,1
0.721543757039,1
0.727724636394,1
0.742249629335,1
0.948309516711,1
0.701948059882,0
0.764001745292,1
0.602683852123,1
0.695048885416,1
0.847610661751,1
0.504595840534,1
0.746650185446,1
0.716491624686,1
0.331393233896,0
0.155945886491,0
0.0372920245196,0
0.842938567092,0
0.497177245183,1
0.583784175636,1
0.356706261487,0
0.726226256121,0
0.759349252258,1
0.904055729239,1
0.685130888961,1
0.398219865512,1
0.784678471323,1
0.915628049597,1
0.758988068161,1
0.762083555789,1
0.4754998544,1
0.36090790232,1
0.77108008094,1
0.732800158576,1
0.536849922965,0
0.64809527875,0
0.568037489458,0
0.697705745466,1
0.800276682229,1
0.830886459553,1
0.430389732486,0
0.729306439493,0
0.515190140365,0
0.655676937037,1
0.789552045272,1
0.656635008053,1
0.356231235676,0
0.593975431229,1
0.65821748078,1
0.828606135907,1
0.675857660955,0
0.6440798582,1
0.691674439209,1
0.899117765618,1
0.681958448638,0
0.534720384698,1
0.597816923701,0
0.788532372543,0
0.826359643748,1
0.661518574851,1
0.730362498614,1
0.549029768342,1
0.714643864425,1
0.58258700756,1
0.940398815599,1
0.393128072545,0
0.0619258583338,0
0.0710863440984,0
0.637590780026,0
0.314570377397,0
0.675396409334,1
0.689241958272,0
0.261912964905,0
0.816565860657,0
0.66421193,1
0.534194729042,0
0.823001862388,1
0.575454169179,1
0.727797728875,1
0.57984876229,1
0.728405123924,1
0.45146159829,0
0.419013819084,0
0.253675354755,0
0.490474410889,0
0.739420418532,1
0.113101126049,1
0.38241364644,0
0.459282213196,1
0.649777638678,0
0.329153608337,1
0.281578961722,0
0.650260292199,1
0.814568373009,1
0.650700066219,0
0.741261054017,0
0.523885512976,1
0.360849724533,0
0.776098131535,1
0.571909723689,1
0.760859108239,1
0.311255825976,1
0.481375671446,0
0.837485678083,0
0.679405347282,0
0.682799261518,1
0.761523855519,0
0.899829466465,1
0.116365929951,0
0.779097885294,1
0.871841916382,1
0.550861477036,1
0.635447698595,0
0.648681202235,1
0.500464873978,1
0.527803120277,0
0.92370924744,1
0.361605995189,0
0.661441558106,1
0.470061735096,1
0.707293403557,1
0.80087206563,1
0.493147192276,0
0.748188797518,1
0.733340995592,1
0.793022423363,1
0.643656058642,0
0.453761085485,0
0.937387928385,1
0.831048287978,1
0.370739843469,1
0.84295944257,1
0.423485270176,0
0.720594372951,1
0.898443450865,0
0.495181263582,0
0.70852252127,1
0.588974503549,1
0.80749085062,1
0.677968964433,1
0.338478776347,1
0.755974123716,1
0.746942224662,1
0.0505230033222,0
0.578168144511,1
0.851174350442,1
0.649169944549,1
0.781417807922,1
0.285141834548,0
0.735635876112,1
0.760813347261,1
0.714291643527,1
0.392642669989,1
0.323621275069,0
0.476807633153,1
0.716071470986,0
0.796845288857,1
0.592358508709,0
0.711948916703,1
0.70175220484,1
0.873472999333,1
0.472676897865,1
0.669050936733,1
0.765251333953,0
0.650451565771,1
0.156611096064,1
0.278437185517,1
0.710923126201,1
0.0622269790326,0
0.795775975316,1
0.499669526149,0
0.53042876993,0
0.863923713878,1
0.754677467754,1
0.445500764867,1
0.847420997025,0
0.850200948248,1
0.655025046238,1
0.917281688644,1
0.0710219163986,0
0.310000717876,1
0.504458590179,0
0.689394367423,1
0.639391240526,1
0.860930934766,1
0.629773188856,1
0.48663052871,0
0.577248532701,1
0.351016412283,0
0.597009688347,0
0.771580550557,1
0.785452227559,1
0.0631358843049,0
0.689860281226,1
0.420445777457,0
0.476428740841,1
0.81244123744,0
0.503729776383,1
0.58105217711,0
0.715942256213,1
0.651483176634,1
0.708559136872,1
0.543608304418,0
0.910157870221,1
0.520215275517,0
0.869973650945,1
0.904498023313,1
0.574142636994,0
0.818311468092,1
0.85105091842,1
0.819178319915,1
0.364050608558,0
0.616978623925,1
0.764258389464,0
0.901753479045,1
0.828820708105,1
0.104577196484,0
0.703832329642,0
0.637633293298,1
0.780668023866,1
0.743394523299,0
0.481572502751,1
0.619253016773,1
0.373592671853,1
0.802380660919,0
0.788545900438,0
0.682727086367,1
0.637438073305,1
0.525609851979,1
0.604170831025,0
0.590748457996,1
0.416825989741,1
0.779189421572,1
0.846737636902,1
0.465485633385,1
0.727264468842,1
0.876052819463,1
0.863342067594,1
0.856568666055,1
0.608288133459,1
0.112574047954,0
0.776708267328,1
0.823409242771,1
0.653764932577,0
0.562978986775,1
0.227432174929,1
0.909951905139,1
0.287525025539,1
0.932875463999,1
0.791642964465,1
0.746132429909,1
0.372465618134,1
0.671963337937,1
0.460838248763,1
0.466425616393,1
0.553323155652,1
0.898623635481,1
0.779687630233,1
0.745325058532,1
0.609715145525,0
0.504691847562,0
0.480663559875,0
0.605332031143,1
0.327584632701,0
0.633203032296,0
0.793968407224,1
0.390021880477,0
0.371336966955,0
0.85117569445,1
0.824350693053,1
0.703778191295,1
0.707747519183,1
0.920229442212,1
0.669832640774,1
0.917158711843,1
0.564471971575,1
0.690295039862,1
0.691913416591,1
0.554491649435,0
0.324537986876,1
0.796021952559,1
0.532089449595,1
0.571519830051,1
1.0,1
0.615102355135,1
0.544514295924,1
0.891210662841,1
0.875168078571,0
0.687358550367,0
0.543755136021,0
0.788279623617,1
0.677852505432,1
0.447049850079,1
0.547022083142,0
0.930928574437,1
0.684171884411,1
0.567970439177,1
0.512119773334,0
0.591399070475,0
0.918503999864,1
0.958905752184,1
0.619227512896,1
0.758745792181,1
0.78272481767,1
0.343515253584,1
0.582688045362,1
0.677184100512,1
0.715623339113,1
0.565920078512,1
0.624110117561,1
0.733975856916,1
0.845809994545,1
0.509381614306,0
0.806701607024,1
0.580360536538,0
0.696967819637,1
0.578775935642,1
0.765683539154,1
0.901009919198,1
0.854176033605,0
0.880127501486,1
0.855567296008,1
0.60616933852,1
0.296833435348,0
0.669559682044,1
0.789792080487,1
0.716173306903,1
0.489305714812,0
0.8088283957,1
0.473188356257,0
0.266260403544,0
0.729428222999,0
0.646233018917,1
0.53074962057,1
0.740964456777,1
0.490149844136,0
0.695164776151,1
0.627613720886,1
0.818934810583,1
0.653826344115,1
0.965213229089,1
0.728972083975,1
0.902548667214,1
0.965771550923,1
0.967197730829,1
0.370345507983,0
0.363854541519,1
0.740876487403,1
0.609243577729,0
0.868979146303,1
0.559966325738,1
0.595422526616,1
0.321771024794,0
0.566674659004,1
0.556019548881,0
0.620880523301,1
0.727277308466,1
0.807842286366,1
0.647745607312,1
0.45284567128,0
0.650432114708,1
0.605419895516,1
0.76630845293,1
0.988350354358,1
0.832530676848,1
0.63569155515,1
0.664967581666,1
0.602533701747,1
0.601203684594,0
0.67551917984,1
0.435498052274,1
0.551898006653,1
0.1941473468,0
0.462539501086,1
0.640942896857,1
0.886271656217,1
0.769676808055,1
0.72485235351,0
0.685110316355,1
0.639844842924,1
0.612068779162,1
0.921589215046,1
0.549671465175,1
0.798857137605,1
0.659236492539,1
0.413234824536,1
0.566818745599,1
0.56147081666,1
0.747530322135,1
0.78073360961,1
0.760894553727,0
0.554390289589,0
0.377529280151,0
0.736040691968,1
0.367044812649,1
0.849231676074,0
0.785825946167,0
0.362412145781,0
0.671559099254,1
0.327050395781,0
0.937469769552,1
0.901665279619,1
0.512890986209,0
0.401534862428,1
0.842423603031,1
0.673109523286,1
1.0,1
0.777455664224,1
0.883586383253,1
0.87884556441,1
0.70178281407,0
0.72258910263,1
0.489731068798,0
0.778097203636,1
0.440562493299,1
0.84398918143,1
0.750201372663,1
0.523513142417,0
0.580397452195,0
0.729895016007,1
0.871557097299,1
0.847753248927,1
0.49894445673,0
0.70982346535,1
0.759725842482,1
0.728342701162,1
0.719065292313,0
0.679806387649,1
0.371841902727,0
0.706556694575,1
0.867543772992,1
0.715523406929,1
0.612227235675,1
0.633476993378,1
0.882207756971,1
0.841725123513,1
0.729966446953,1
0.662639155234,1
0.856120012621,1
0.555119166813,0
0.480338276879,1
0.591823250079,1
0.67867846155,1
0.712330708238,1
0.34042808801,1
0.414159108871,1
0.0702645100344,0
0.691698953053,1
0.708117149114,1
0.666727743751,1
0.48340247815,1
0.435415953316,0
0.337868337867,1
0.595472209692,0
0.549747381723,1
0.683171849388,1
0.480914486979,1
0.727769789843,1
0.553049068528,0
0.904204750784,1
0.39191043911,1
0.733711344251,1
0.199502366092,1
0.836316720532,1
0.762903599942,0
0.86840845806,1
0.682216493758,1
0.798953845767,1
0.178025581098,0
0.557320345944,1
0.776727805394,1
0.992188654557,1
0.297850470998,0
0.950533962781,1
0.603869640157,0
0.892469852976,1
0.375848992879,1
0.686589950493,1
0.530749673631,1
0.335654530662,1
0.950864295331,1
0.555601847141,1
0.803415799177,1
0.805256114934,1
0.134393457578,0
0.562846552423,0
0.769962244305,1
0.690969437304,1
0.920124748081,1
0.813561905307,1
0.869672934873,1
0.383485978389,0
0.840530994514,1
0.640106242652,1
0.869335626295,0
0.703005251658,0
0.705921732209,0
0.699568357192,0
0.815083721962,1
0.673394789474,1
0.480843797219,1
0.739517372264,1
0.695093724571,1
0.85736589941,1
0.502929072178,1
0.760461608677,1
0.40953804349,1
0.527072687035,0
0.883634472124,1
0.375489807064,1
0.561051868994,1
0.0610685062376,0
0.798181112271,1
0.761376490962,1
0.438796848896,1
0.612544724475,1
0.417805783263,1
0.570295305317,1
0.516020767936,0
0.570856734528,0
0.641608230811,0
0.861673349099,0
0.380845340432,0
0.934032630197,1
0.694322474826,1
0.741082179053,1
0.621940185552,1
0.650192605945,0
0.188891504564,1
0.641608230811,0
0.598165901904,1
0.425217494315,1
0.762411949155,1
0.554157875647,1
0.853659271674,1
0.339174750046,0
0.443794864003,0
0.791776261143,1
0.360775542302,0
0.761098538289,1
0.70631542791,1
0.767752544847,1
0.842315853528,1
0.652078717686,0
0.859441740762,1
0.694434685153,0
0.730264089427,1
0.563055266506,1
0.75675476648,1
0.718236498222,1
0.958987097905,1
0.681260135211,1
0.849195834199,1
0.724145590818,1
0.825995841325,1
0.728208563933,1
0.815260128614,1
0.475005482851,1
0.555455881353,0
0.774265377791,1
0.54530057213,0
0.471808382566,0
0.299240214081,0
0.780314577596,1
0.435625948115,0
0.673947391015,0
0.71530120457,1
0.712046104883,1
0.503829366794,1
0.611020942929,0
0.466229622735,0
0.525178840632,0
0.954460822239,1
0.926932823248,1
0.741201688769,1
0.364477867214,1
0.769604171767,1
0.722616915152,0
0.537622748839,0
0.658369635897,1
0.924923299459,1
0.460966047795,0
0.314711789629,1
0.730964216135,1
0.943719209741,1
0.298013745951,0
0.496091089873,1
0.730615307159,0
0.756740854459,1
0.660068865331,1
0.715699218542,0
0.729366323894,1
0.394168488718,1
0.563199464633,0
0.707182373133,1
0.578330929096,0
0.906242188,1
0.693171080135,1
0.690642792473,0
0.623309212222,0
0.606299189277,1
0.77527966217,1
0.620445505241,1
0.638964846263,0
0.747573937436,1
0.74048140327,1
0.645362489442,1
0.663681243104,1
0.552371698389,0
0.658699564411,1
0.391560590609,1
0.836084321525,1
0.938044532333,1
0.757805903598,1
0.666057495777,1
0.657300760405,0
0.563581541577,1
0.514849310204,1
0.626411267627,1
0.79963794819,1
0.699027450879,1
0.64959208546,1
0.377086943445,1
0.548319666699,1
0.723712251529,1
0.639755064051,1
0.438388305681,0
0.690560054137,1
0.572259361053,1
0.281438511047,0
0.438104310843,0
0.448690534116,1
0.899897562625,0
0.432911433225,1
0.456304673611,1
0.957833802619,1
0.687560505808,0
0.774923692221,1
0.592014400695,0
0.736946164333,0
0.314077712998,1
0.436344742788,0
0.492393067997,0
0.741162134636,1
0.671605453812,0
0.740986061994,1
0.763640374459,1
0.478818308044,1
0.56877150709,1
0.785152063697,1
0.819554172981,1
0.766321598169,1
0.121151565436,0
0.732695570533,1
0.884089067576,1
0.7443450237,1
0.765036607453,0
0.583461447709,0
0.511945839664,0
0.528784470773,0
0.531619678117,0
0.793015257678,1
0.761637184153,1
0.666174630323,1
0.663549447696,1
0.716196512485,1
0.699304379255,0
0.812039130353,1
0.734107303499,1
0.657637586048,1
0.72976410564,1
0.061518588032,0
0.719367173284,1
0.815688367119,0
0.625110533222,0
0.651108986801,0
0.943528235835,1
0.369344790369,1
0.450728053678,0
0.307729770674,0
0.413203351485,0
0.40231043024,1
0.37181996016,0
0.619346094521,0
0.65375863275,1
0.434335612215,0
0.819073913284,1
0.447368973771,1
0.729120796316,1
0.614307055546,0
0.728793207452,0
0.297651443414,0
0.953240062985,1
0.935503064501,1
0.47045908726,1
0.784197573385,1
0.773917500084,1
0.305088486666,0
0.53627389557,0
0.773133306259,1
0.506988698205,1
0.642023573158,0
0.771481156698,1
0.584987310215,1
0.585099380213,0
0.63772208781,1
0.560597511794,1
0.487722668525,1
0.706855693459,1
0.759999617245,1
0.572966756007,1
0.591691286872,0
0.779688398774,1
0.944002841045,1
0.768818697622,1
0.544042609276,0
0.0673688902781,0
0.754743988856,1
0.331833545709,0
0.526060071689,1
0.835714391651,0
0.430381350784,1
0.941533442547,0
0.90878851982,1
0.541357958284,0
0.915824332194,1
0.929443843213,1
0.31298527411,1
0.932313968141,1
0.460668165357,1
0.825693645287,1
0.830545053649,1
0.517847757391,0
0.908415410367,1
0.649127486199,0
0.48506319337,1
0.709283271498,1
0.835125021536,1
0.812382248608,1
0.377574163074,1
0.750810587981,0
0.648693098283,0
0.733435047829,1
0.972629625329,1
0.678627293716,1
0.612189742632,1
0.425920583883,0
0.811497625027,1
0.852145372764,1
0.506036354673,1
0.682802539524,1
0.515641486477,0
0.87736736097,1
0.553142595625,0
0.526400376414,1
0.613923720288,0
0.462469924772,1
0.496797387661,1
0.814085339028,0
0.731255219987,0
0.694975324433,1
0.984011882468,1
0.524219943488,1
0.80647364274,1
0.879578036435,1
0.684432549785,1
0.575771908514,1
0.32352277666,1
0.826835317935,1
0.751048527169,1
0.725302745193,1
0.749000939375,1
0.173790850398,0
0.527004253458,1
0.553356073711,0
0.592733274853,0
0.685643161729,0
0.579017635048,1
0.795789393094,1
0.774060255321,1
0.840231275163,1
0.924587677885,1
0.904042761586,1
0.868927606703,1
0.455053485768,1
0.978108187422,1
0.437481087674,1
0.8642587833,1
0.246685614524,0
0.839840934633,1
0.798785485128,0
0.650168228854,1
0.720008390915,1
0.841532030737,1
0.903093853777,1
0.916015602259,1
0.641047604822,1
0.587292300718,1
0.78036257567,1
0.879371536129,1
0.611535639595,1
0.540957364855,1
0.847685626019,1
0.757595129775,1
0.631731918642,0
0.600512466103,0
0.600976298026,0
0.82431332755,1
0.43953901039,0
0.894423276068,1
0.941718163307,1
0.295759078186,0
0.536219187824,1
0.165186307685,0
0.64213938951,1
0.338992906809,1
0.489589204383,1
0.829231705663,1
0.925052955087,1
0.449042227502,0
0.835916368708,1
0.626192108511,0
0.495500787681,0
0.161382000881,0
0.780098776003,1
0.654444333437,1
0.731383409868,1
0.343802795652,1
0.45755626722,0
0.712855636717,0
0.112071049147,0
0.771460343916,1
0.922472970854,1
0.752532940575,1
0.237000734181,1
0.883418253806,1
0.270714405205,0
0.551709087622,1
0.260423759789,1
0.650322481214,0
0.540522489915,1
0.810810079814,1
0.278344387089,1
0.489460414518,0
0.761638276323,1
0.510496790496,0
0.824358716629,1
0.561824196484,1
0.404184184063,1
0.516631496346,1
0.902000998634,1
0.34978899018,0
0.757840403121,1
0.266208967517,0
0.289587466567,0
0.871165392754,0
0.652728853773,1
0.530338832847,1
0.937825426688,1
0.974127592032,1
0.538654469325,1
0.93803820533,1
0.551702529842,0
0.765741819425,1
0.92507125973,0
0.419340411212,0
0.527371703596,0
0.344649584208,1
0.686816226104,1
0.770596441279,1
0.506177460503,1
0.620045017542,1
0.927744442272,1
0.894656905263,1
0.996289638768,1
0.552923860836,1
0.724533108274,1
0.737145041435,1
0.686319508493,1
0.877945154058,0
0.491666594126,1
0.958381416088,1
0.641936857714,1
0.431142551244,0
0.902911492484,1
0.7888671574,1
0.79930901603,1
0.738428580315,0
0.861466938529,1
0.205620020281,0
0.613608531484,1
0.445153539515,1
0.237510273872,0
0.688316887423,1
0.712479770424,0
0.691973232718,1
0.601912700152,0
0.428149711535,1
0.882215332048,0
0.917684493596,1
0.544921864863,0
0.431054102815,1
0.524841380426,1
0.58109988578,1
0.423134873418,1
0.340680259713,0
0.654325268448,1
0.785592667048,0
0.489725338148,1
0.825840023142,1
1.0,1
0.521888861779,1
0.476734207636,1
0.844141592432,1
0.798549762221,1
0.880194295893,1
0.710907742395,1
0.870188255146,1
0.861929953671,0
0.643154725456,0
0.691344365581,1
0.682543123427,0
0.913383063997,1
0.80588792918,1
0.59527494671,1
0.834856099855,1
0.8640639425,1
0.33732130498,0
0.520467091781,1
0.490964345909,1
0.681795450261,1
0.813935770678,1
0.523928033817,0
0.964912898917,1
0.764460953941,1
0.883691541034,1
0.552690338323,1
0.697795984067,0
0.886217074387,0
0.645657989292,1
0.355578796224,1
0.413487299197,1
0.744181595671,1
0.862379330332,1
0.611300304849,1
0.252189254211,0
0.664043685534,0
0.428977262936,1
0.413606806997,0
0.328040758399,1
0.344781789094,0
0.655607719633,0
0.324514247608,0
1.0,1
0.533459665429,1
0.54429466433,0
0.860846463964,1
0.840814351929,1
0.391036148038,0
0.69750515731,1
0.932768526099,1
0.442857499108,0
0.781250158939,1
0.80897433669,1
0.728965966364,0
0.87199501264,1
0.598070300266,1
0.384754563866,0
0.891536270336,1
0.497018209129,0
0.894535001722,1
0.76111975043,1
0.797318489676,0
0.374210698792,1
0.683247585975,1
0.430812943976,1
0.671274865072,1
0.632893360036,0
0.350890121735,1
0.160867588027,0
0.411916214081,1
0.54004180861,1
0.352180230316,0
0.624937613002,1
0.64214913435,1
0.607050522557,0
0.612908103209,1
0.495195241983,0
0.947990838651,1
0.501367520155,1
0.593864989215,1
0.788682947561,1
0.366121442772,0
0.779640881844,1
0.416959281224,0
0.571961792539,1
0.966203101772,1
0.711183103732,0
0.861879354598,1
0.708382797589,1
0.61201271327,0
0.671991813252,1
0.582568098111,0
0.754945247969,1
0.446839147909,0
0.644778015682,1
0.483967968973,1
0.901834758833,1
0.788021769741,1
0.591039856264,1
0.594266590573,0
0.597127924077,0
0.625695143312,1
0.827728609534,1
0.866713005833,1
0.560466448098,0
0.861654756191,1
0.82605008134,1
0.636367658485,1
0.993204603203,1
0.57816092598,0
1.0,1
0.907539773728,1
0.620375911904,0
0.692598989438,0
0.650220505764,0
0.344110574358,1
0.713515564728,1
0.546764313402,1
0.413381791068,0
0.810116417508,1
0.528699391888,1
0.711275853357,1
0.667412722993,1
0.418738130768,1
0.83337617822,0
0.206095395502,0
0.731333796344,1
0.908843472765,1
0.671351396899,0
0.25877035655,1
0.77222925063,1
0.465808583528,1
0.742518954914,1
0.785489443762,1
0.592014400695,0
0.351988568004,0
0.885201632303,1
0.440171861173,0
0.408267624335,0
0.578879963948,1
0.431799043132,1
0.210921125211,0
0.33946826066,0
0.872385315858,1
0.600268174012,0
0.82365025227,1
0.676683518414,1
0.668945356791,1
0.862315107037,1
0.274909270784,0
0.377064953148,0
0.889915523261,1
0.574581887714,0
0.642305653493,1
0.852056209099,1
0.660724672572,1
0.418498716762,1
0.882271517196,1
0.815055521051,1
0.861272438322,1
0.641102563437,1
0.492526975706,1
0.290743474411,1
0.670540030192,0
0.827874500732,1
0.269124648424,1
0.518143107655,1
0.716308533431,1
0.55004348193,1
0.533231708226,0
0.972548922665,1
0.433253643294,0
0.905764485,0
0.736179511238,1
0.398790312243,1
0.539825808507,0
0.848698685341,1
0.867575085101,1
0.817810603826,1
0.910482314701,1
0.405115128239,0
0.615443238416,1
0.718629568561,1
0.8464318047,1
0.701830886915,1
0.515993565495,0
0.661739307688,1
0.43953657388,0
0.633649681482,0
0.783811881431,1
0.626714540351,0
0.808585095045,1
0.542468757517,0
0.698115763545,1
0.849821375232,1
0.253171345088,0
0.269595830124,1
0.803075056703,1
0.663737660251,1
0.806425321175,1
0.584994846245,1
0.838025882735,1
0.697605714896,1
0.7548472572,1
0.489879030588,1
0.955280087546,1
0.468393865162,1
0.434809630142,1
0.569352076072,1
0.977940354453,1
0.791566650385,1
0.616763153387,0
0.745512209044,1
0.80629785611,1
0.504444722504,0
0.685455373028,0
0.656170965972,1
0.78508630921,1
0.620042551322,1
0.428435542432,0
0.542442969177,1
0.610424278515,1
0.33622450827,1
0.682399818971,1
0.802742839359,1
0.436216394917,1
0.879688863145,1
0.658038363466,1
0.982367619165,1
0.603495291378,0
0.241530024771,1
0.604577605321,0
0.652728853773,1
0.218770738893,0
0.31061752003,0
0.356974813106,1
0.672322321147,1
0.509971327876,0
0.747605762618,0
0.414207842282,1
0.552995523065,1
0.784983263854,0
0.766378121117,1
0.33079657815,0
0.711861693072,0
0.789238012722,1
0.642430937302,1
0.88386004027,1
0.836371616549,1
0.440715002356,0
0.797328435691,1
0.0796629652183,0
0.596850395861,1
0.79355672004,0
0.617547009629,0
0.268232403643,0
0.794367726523,1
0.766442840006,1
0.900260387992,1
0.566444094991,0
0.770664033825,1
0.344097723204,1
0.893988049338,1
0.559458694564,0
0.83396166065,0
0.856837810373,1
0.781465949845,0
0.0666607067588,0
0.595311822048,0
0.865113681601,1
0.817602377275,1
0.832470194049,1
0.897119826979,1
0.962441732164,1
0.697927114288,1
0.711688409128,1
1.0,1
0.547661599635,0
0.856790877959,1
0.258460480285,1
0.28265151053,1
0.597009688347,0
0.715100646533,1
0.377871818126,1
0.604279671143,0
0.740667608067,1
0.732014715368,1
0.323874992268,1
0.544361835031,0
0.819240424423,1
0.630806195537,1
0.940461269173,1
0.279130693434,0
0.756255351209,1
0.647624646279,1
0.745361572332,1
0.648030339046,1
0.671366235709,1
0.911934315131,1
0.888723333875,1
0.392175821038,0
0.611010644568,1
0.698159283855,1
0.571882348087,0
0.738300253011,0
0.703051871427,1
0.526311061391,0
0.806895379405,1
0.201876732523,0
0.709067980648,1
0.549451455575,0
0.478739135213,0
0.661457949143,1
0.467329485039,1
0.765582338449,1
0.796613290793,1
0.669647083447,1
0.824130562454,1
0.967808692673,1
0.750842992778,0
0.652642374659,1
0.793475893882,1
0.700938071624,1
0.492002163146,1
0.722191946373,1
0.509783703168,0
0.591028418602,0
0.483172766474,0
0.554294750897,0
0.588641646091,1
0.863928418745,1
0.560107885285,1
0.68201581335,0
0.643017094934,1
0.545907869355,1
0.843494143144,0
0.651857622911,1
0.830062731182,1
0.615684840962,1
0.513078424089,1
0.845434947195,1
0.379068764047,1
0.70170389404,1
0.749058916227,1
0.512238544519,0
0.945240225312,1
0.542087311994,0
0.691352316649,1
0.628805054226,1
0.557009808155,1
0.826525389086,1
0.866037666904,1
0.740215399003,1
0.873741953647,1
0.396721938902,1
0.732633740517,0
0.689031554671,1
0.801257513938,1
0.337008747452,1
0.503070989401,1
0.957832333687,1
0.645755725098,1
0.85559458601,1
0.546308262569,1
0.0614577977907,0
0.92010205109,1
0.664774899939,1
0.671089405918,1
0.879435828277,1
0.751383883119,1
0.645830186146,1
0.562316644601,1
0.329091507463,0
0.694340356721,1
0.717949721925,0
0.827674933957,1
0.349744499609,0
0.471621224499,1
0.797498732122,1
0.525474859657,0
0.609352674969,0
0.945247967744,1
0.757290770218,1
0.703592623682,1
0.397971381849,0
0.848165951925,1
0.893214959545,1
0.492986389357,1
0.930280561865,1
0.861925589827,1
0.678475028597,0
0.590794183227,0
0.62918514367,1
0.633130324504,1
0.230803822507,0
0.476079780537,1
0.835198335288,1
0.629086556863,0
0.878434165236,1
0.726088664186,1
0.567487876654,0
0.623337248505,1
0.688655768716,1
0.803642217789,1
0.757919401468,1
0.399653413149,0
0.791875365062,0
0.292247245719,0
0.545947514927,1
0.99700953699,1
0.651641547492,1
0.592461747254,1
0.676002356722,1
0.63275132424,1
0.68809122794,1
0.658795930527,1
0.65375863275,0
0.712514605469,0
0.725619916988,0
0.86193302534,1
0.790885170275,1
0.784108814729,0
0.632480345909,1
0.362271697106,0
0.731345759638,1
0.737200633247,0
0.653697755021,1
0.912319187465,1
0.697840831141,1
0.664879246255,0
0.859297896665,0
0.331044678221,1
0.508606822081,1
0.83362121481,0
0.39673976003,0
0.556571456808,1
0.671817235171,0
0.826662532508,1
0.950910431296,1
0.70286062723,1
0.835035613584,1
0.713031291595,1
0.259360008431,0
0.965306424688,1
0.68611634925,1
0.653881747316,0
0.728036880314,1
0.53098847476,0
0.659859352489,1
0.788794376457,1
0.585919801082,1
0.64279194179,1
0.828923821622,1
0.367352955616,1
0.99468925363,1
0.823307104285,0
0.623421760197,1
0.668323709773,0
0.711529619962,0
0.616176914885,1
0.830647594036,1
0.628394871451,1
0.385035548565,0
0.502799867308,1
0.676349755748,1
0.571758246682,0
0.713153006455,1
0.753618305406,0
0.518450903375,0
0.759658515467,1
0.902141005716,1
0.543962749861,1
0.546740593549,0
0.407988331404,0
0.354540387298,1
0.0851294023908,0
0.56503224555,0
0.80693606908,1
0.129488068107,1
0.915655800536,1
0.33723285257,1
0.886823344836,1
0.508274670945,1
0.647479048237,0
0.392865591649,1
0.423779880352,0
0.529422073601,0
0.8384804676,0
0.659275984375,0
0.822789786999,1
0.810373864349,1
0.665270176683,0
0.651886027252,1
0.188891504564,1
0.335396079555,1
0.506255953107,0
0.476786667729,0
0.780223336067,1
0.357185638399,1
0.82404651781,1
0.906711398613,1
0.523609326745,0
0.789829899546,0
0.560973340193,0
0.833010315328,1
0.910123773717,1
0.776699763817,1
0.200655720054,0
0.576258455227,0
0.854247386774,1
0.81332794047,1
0.686860669696,0
0.328388389675,1
0.750818217401,1
0.682836527167,1
0.843656774667,1
0.882550148031,1
0.94563543127,1
0.781379719934,1
0.521220501466,0
0.550622392453,0
0.901688180447,1
0.905596305794,0
0.854994509094,1
0.627067946496,1
0.401367183506,1
0.658834013419,1
0.794198229515,1
0.816800227068,1
0.500222510423,1
0.971317457016,1
0.38264973455,1
0.596764558855,0
0.519510908393,1
0.951296594502,1
0.443404462122,1
0.0592177043004,0
0.454148722784,1
0.166954945804,0
0.284259275456,1
0.899327338246,1
0.833675000654,0
0.837453078877,1
0.773023562081,1
0.849056167111,1
0.726027302414,0
0.733931400422,0
0.461813688841,1
0.797752062524,1
0.867723681654,1
0.512634040317,0
0.854043696764,1
0.951746962071,1
0.638173596899,1
0.90947437717,1
0.893984791021,1
0.823691357353,1
0.608296310979,0
0.184723063051,0
0.8285036304,1
0.747569730196,1
0.711413125994,1
0.687603478487,1
0.784312053722,1
0.878569335325,1
0.900332291596,1
0.85014912556,1
0.673537094058,0
0.56347011292,0
0.746832947028,0
0.69055436896,1
0.933965735493,1
0.922191233645,1
0.840729148622,1
0.671587451209,1
0.669109686537,1
0.709930397204,1
0.762954482648,1
0.548551233483,1
0.544579681903,1
0.814388606461,1
0.587561098659,0
0.808604310785,1
0.514708578596,1
0.659651287081,0
